% MAGMA 2.7.0  32-bit magma_int_t, 64-bit pointer.
% Compiled with CUDA support for 8.0
% CUDA runtime 11070, driver 12000. OpenMP threads 16. 
% device 0: NVIDIA A30 MIG 1g.6gb, 1440.0 MHz clock, 5952.0 MiB memory, capability 8.0
% Sun Mar 12 16:27:16 2023
% Usage: /homelocal/jcamar02/magma-2.7.0/build/testing/testing_dgemv [options] [-h|--help]

% trans = No transpose
%   M     N   MAGMA Gflop/s (ms)  cuBLAS Gflop/s (ms)   CPU Gflop/s (ms)  MAGMA error  cuBLAS error
%==================================================================================================
  128   128      0.73 (   0.05)       0.18 (   0.18)      0.08 (   0.39)    2.26e-17     2.17e-17   ok
  256   256      3.89 (   0.03)       1.69 (   0.08)      3.37 (   0.04)    2.23e-17     2.22e-17   ok
  384   384      8.92 (   0.03)       3.09 (   0.10)      0.36 (   0.81)    2.13e-17     2.08e-17   ok
  512   512     12.81 (   0.04)       5.71 (   0.09)      0.07 (   7.92)    2.09e-17     2.09e-17   ok
  640   640     18.31 (   0.04)       8.37 (   0.10)      0.17 (   4.93)    1.90e-17     1.86e-17   ok
  768   768     21.82 (   0.05)      10.75 (   0.11)      0.24 (   4.96)    2.06e-17     2.04e-17   ok
  896   896     27.74 (   0.06)      14.10 (   0.11)      0.13 (  12.85)    2.17e-17     2.13e-17   ok
 1024  1024     22.81 (   0.09)      16.43 (   0.13)      0.25 (   8.56)    2.08e-17     2.06e-17   ok
 1152  1152     26.59 (   0.10)      18.30 (   0.15)      0.09 (  29.23)    2.06e-17     2.05e-17   ok
 1280  1280     31.55 (   0.10)      16.90 (   0.19)      0.63 (   5.23)    1.95e-17     2.24e-17   ok
 1408  1408     34.82 (   0.11)      21.67 (   0.18)      0.81 (   4.88)    1.92e-17     2.21e-17   ok
 1536  1536     36.54 (   0.13)      20.00 (   0.24)      0.88 (   5.37)    2.09e-17     2.07e-17   ok
 1664  1664     40.14 (   0.14)      25.18 (   0.22)      1.06 (   5.21)    2.19e-17     2.18e-17   ok
 1792  1792     39.41 (   0.16)      27.09 (   0.24)      8.53 (   0.75)    2.14e-17     2.13e-17   ok
 1920  1920     37.64 (   0.20)      28.70 (   0.26)      1.37 (   5.38)    2.10e-17     2.09e-17   ok
 2048  2048     39.78 (   0.21)      32.18 (   0.26)      1.54 (   5.46)    2.07e-17     2.06e-17   ok
 2176  2176     41.18 (   0.23)      31.36 (   0.30)      1.56 (   6.06)    2.05e-17     2.04e-17   ok
 2304  2304     43.34 (   0.25)      33.42 (   0.32)      9.18 (   1.16)    2.02e-17     2.01e-17   ok
 2432  2432     44.64 (   0.27)      34.30 (   0.34)      9.02 (   1.31)    1.93e-17     1.92e-17   ok
 2560  2560     45.87 (   0.29)      35.35 (   0.37)      2.59 (   5.06)    1.94e-17     1.93e-17   ok
 2688  2688     47.11 (   0.31)      36.59 (   0.40)     12.36 (   1.17)    1.86e-17     1.85e-17   ok
 2816  2816     41.31 (   0.38)      29.55 (   0.54)     13.21 (   1.20)    1.96e-17     1.95e-17   ok
 2944  2944     44.48 (   0.39)      37.45 (   0.46)     13.17 (   1.32)    2.02e-17     2.02e-17   ok
 3072  3072     43.90 (   0.43)      38.22 (   0.49)     16.18 (   1.17)    2.05e-17     2.05e-17   ok
 3200  3200     46.45 (   0.44)      40.17 (   0.51)     14.48 (   1.42)    2.14e-17     2.12e-17   ok
 3328  3328     48.05 (   0.46)      41.25 (   0.54)     15.33 (   1.45)    2.18e-17     2.17e-17   ok
 3456  3456     46.14 (   0.52)      42.90 (   0.56)     15.48 (   1.54)    2.14e-17     2.12e-17   ok
 3584  3584     45.57 (   0.56)      42.69 (   0.60)     16.63 (   1.54)    2.15e-17     2.15e-17   ok
 3712  3712     45.25 (   0.61)      44.97 (   0.61)     15.51 (   1.78)    2.19e-17     2.18e-17   ok
 3840  3840     46.24 (   0.64)      45.59 (   0.65)     16.66 (   1.77)    2.12e-17     2.12e-17   ok
 3968  3968     47.35 (   0.67)      45.38 (   0.69)     16.42 (   1.92)    2.15e-17     2.14e-17   ok
 4096  4096     49.36 (   0.68)      46.81 (   0.72)     19.84 (   1.69)    2.12e-17     2.12e-17   ok
 4224  4224     49.29 (   0.72)      46.78 (   0.76)     17.38 (   2.05)    2.09e-17     2.08e-17   ok
 4352  4352     47.97 (   0.79)      45.31 (   0.84)     17.56 (   2.16)    2.06e-17     2.06e-17   ok
 4480  4480     47.79 (   0.84)      45.06 (   0.89)     17.96 (   2.24)    2.00e-17     2.00e-17   ok
 4608  4608     46.47 (   0.91)      45.62 (   0.93)     19.80 (   2.15)    1.97e-17     1.97e-17   ok
 4736  4736     48.09 (   0.93)      47.94 (   0.94)     18.55 (   2.42)    1.97e-17     1.97e-17   ok
 4864  4864     48.19 (   0.98)      46.76 (   1.01)     18.73 (   2.53)    1.95e-17     1.96e-17   ok
 4992  4992     48.02 (   1.04)      46.93 (   1.06)     19.63 (   2.54)    1.95e-17     1.95e-17   ok
 5120  5120     49.37 (   1.06)      48.24 (   1.09)     20.21 (   2.59)    1.89e-17     1.89e-17   ok
 5248  5248     49.95 (   1.10)      48.58 (   1.13)      6.28 (   8.77)    1.90e-17     1.90e-17   ok
 5376  5376     48.71 (   1.19)      47.27 (   1.22)     14.45 (   4.00)    1.85e-17     1.84e-17   ok
 5504  5504     48.02 (   1.26)      48.56 (   1.25)     20.62 (   2.94)    1.87e-17     1.86e-17   ok
 5632  5632     49.34 (   1.29)      49.92 (   1.27)     20.81 (   3.05)    1.86e-17     1.85e-17   ok
 5760  5760     48.87 (   1.36)      51.05 (   1.30)     20.46 (   3.24)    1.98e-17     1.98e-17   ok
 5888  5888     50.29 (   1.38)      49.43 (   1.40)     15.91 (   4.36)    2.08e-17     2.07e-17   ok
 6016  6016     49.12 (   1.47)      49.86 (   1.45)     21.51 (   3.37)    2.07e-17     2.07e-17   ok
 6144  6144     46.07 (   1.64)      39.55 (   1.91)     22.24 (   3.39)    2.09e-17     2.09e-17   ok
 6272  6272     49.80 (   1.58)      49.83 (   1.58)     21.31 (   3.69)    2.10e-17     2.09e-17   ok
 6400  6400     48.34 (   1.69)      50.48 (   1.62)     22.21 (   3.69)    2.14e-17     2.13e-17   ok
 6528  6528     47.51 (   1.79)      51.17 (   1.67)     21.87 (   3.90)    2.14e-17     2.14e-17   ok
 6656  6656     50.32 (   1.76)      52.25 (   1.70)     22.36 (   3.96)    2.18e-17     2.19e-17   ok
 6784  6784     49.50 (   1.86)      50.86 (   1.81)     22.29 (   4.13)    2.19e-17     2.19e-17   ok
 6912  6912     49.16 (   1.94)      50.62 (   1.89)     22.25 (   4.29)    2.18e-17     2.18e-17   ok
 7040  7040     49.84 (   1.99)      50.86 (   1.95)     23.31 (   4.25)    2.17e-17     2.17e-17   ok
 7168  7168     48.87 (   2.10)      50.28 (   2.04)     24.21 (   4.25)    2.17e-17     2.16e-17   ok
 7296  7296     47.58 (   2.24)      51.19 (   2.08)     23.13 (   4.60)    2.16e-17     2.16e-17   ok
 7424  7424     49.86 (   2.21)      51.16 (   2.15)     15.99 (   6.89)    2.18e-17     2.17e-17   ok
 7552  7552     50.15 (   2.27)      11.09 (  10.29)     16.17 (   7.05)    2.17e-17     2.17e-17   ok
 7680  7680     49.30 (   2.39)      49.55 (   2.38)     17.54 (   6.72)    2.14e-17     2.14e-17   ok
 7808  7808     50.56 (   2.41)      52.27 (   2.33)     22.89 (   5.33)    2.14e-17     2.14e-17   ok
 7936  7936     50.61 (   2.49)      52.82 (   2.38)     23.28 (   5.41)    2.17e-17     2.17e-17   ok
 8064  8064     50.51 (   2.58)      51.78 (   2.51)     16.28 (   7.99)    2.11e-17     2.11e-17   ok
 8192  8192     50.67 (   2.65)      52.54 (   2.55)     19.29 (   6.96)    2.12e-17     2.12e-17   ok
 8320  8320     49.61 (   2.79)      52.13 (   2.66)     16.61 (   8.34)    2.09e-17     2.09e-17   ok
 8448  8448     50.78 (   2.81)      51.80 (   2.76)     17.03 (   8.38)    2.08e-17     2.08e-17   ok
 8576  8576     49.95 (   2.94)      52.15 (   2.82)     23.95 (   6.14)    2.09e-17     2.08e-17   ok
 8704  8704     49.88 (   3.04)      51.81 (   2.92)     24.98 (   6.07)    2.04e-17     2.03e-17   ok
 8832  8832     50.85 (   3.07)      52.11 (   2.99)     24.82 (   6.29)    2.03e-17     2.03e-17   ok
 8960  8960     48.44 (   3.31)      51.14 (   3.14)     24.24 (   6.63)    2.06e-17     2.05e-17   ok
 9088  9088     49.88 (   3.31)      52.29 (   3.16)     25.10 (   6.58)    2.01e-17     2.01e-17   ok
 9216  9216     47.16 (   3.60)      47.96 (   3.54)     24.49 (   6.94)    2.03e-17     2.02e-17   ok
 9344  9344     49.68 (   3.52)      52.62 (   3.32)     25.73 (   6.79)    1.99e-17     1.99e-17   ok
 9472  9472     49.64 (   3.62)      52.37 (   3.43)     24.50 (   7.33)    1.98e-17     1.98e-17   ok
 9600  9600     50.09 (   3.68)      52.00 (   3.55)     25.18 (   7.32)    1.97e-17     1.96e-17   ok
 9728  9728     51.28 (   3.69)      52.83 (   3.58)     24.70 (   7.66)    1.94e-17     1.94e-17   ok
 9856  9856     50.22 (   3.87)      51.28 (   3.79)     25.47 (   7.63)    1.92e-17     1.91e-17   ok
 9984  9984     50.14 (   3.98)      52.11 (   3.83)     25.98 (   7.67)    1.91e-17     1.91e-17   ok
10112 10112     50.63 (   4.04)      52.92 (   3.87)     25.26 (   8.10)    1.90e-17     1.89e-17   ok
10240 10240     49.40 (   4.25)      52.73 (   3.98)     18.24 (  11.50)    1.90e-17     1.89e-17   ok
10368 10368     50.44 (   4.26)      52.74 (   4.08)     17.82 (  12.07)    1.85e-17     1.85e-17   ok
10496 10496     50.63 (   4.35)      52.82 (   4.17)     26.25 (   8.39)    1.88e-17     1.87e-17   ok
10624 10624     50.85 (   4.44)      52.73 (   4.28)     25.73 (   8.77)    1.86e-17     1.85e-17   ok
10752 10752     49.17 (   4.70)      49.93 (   4.63)     24.79 (   9.33)    1.85e-17     1.84e-17   ok
10880 10880     49.22 (   4.81)      52.70 (   4.49)     25.82 (   9.17)    1.82e-17     1.81e-17   ok
11008 11008     50.75 (   4.78)      53.07 (   4.57)     12.79 (  18.94)    1.84e-17     1.84e-17   ok
11136 11136     50.83 (   4.88)      53.25 (   4.66)     18.36 (  13.51)    1.88e-17     1.87e-17   ok
11264 11264     51.12 (   4.96)      53.21 (   4.77)     17.92 (  14.16)    1.93e-17     1.93e-17   ok
11392 11392     50.59 (   5.13)      53.02 (   4.90)     26.42 (   9.82)    2.01e-17     2.00e-17   ok
11520 11520     50.37 (   5.27)      52.75 (   5.03)     25.98 (  10.22)    1.96e-17     1.95e-17   ok
11648 11648     50.26 (   5.40)      53.18 (   5.10)     26.29 (  10.32)    2.00e-17     1.99e-17   ok
11776 11776     51.05 (   5.43)      53.64 (   5.17)     26.06 (  10.64)    2.02e-17     2.01e-17   ok
11904 11904     50.62 (   5.60)      53.42 (   5.31)     26.27 (  10.79)    2.07e-17     2.07e-17   ok
12032 12032     49.15 (   5.89)      52.70 (   5.49)     25.84 (  11.21)    2.07e-17     2.07e-17   ok
12160 12160     51.42 (   5.75)      53.61 (   5.52)     25.95 (  11.40)    2.05e-17     2.05e-17   ok
12288 12288     38.71 (   7.80)      37.11 (   8.14)     19.40 (  15.56)    2.10e-17     2.10e-17   ok
12416 12416     51.50 (   5.99)      53.27 (   5.79)     18.46 (  16.70)    2.10e-17     2.09e-17   ok
12544 12544     49.45 (   6.36)      52.93 (   5.95)     18.21 (  17.29)    2.13e-17     2.13e-17   ok
12672 12672     50.83 (   6.32)      53.55 (   6.00)     26.57 (  12.09)    2.15e-17     2.14e-17   ok
12800 12800     51.04 (   6.42)      53.67 (   6.11)     26.53 (  12.35)    2.13e-17     2.12e-17   ok
12928 12928     50.40 (   6.63)      53.39 (   6.26)     26.88 (  12.44)    2.15e-17     2.14e-17   ok
13056 13056     51.09 (   6.67)      53.17 (   6.41)     26.13 (  13.05)    2.15e-17     2.15e-17   ok
13184 13184     50.91 (   6.83)      53.34 (   6.52)     19.78 (  17.58)    2.15e-17     2.15e-17   ok
13312 13312     51.47 (   6.89)      53.70 (   6.60)     18.47 (  19.19)    2.14e-17     2.13e-17   ok
13440 13440     50.17 (   7.20)      53.34 (   6.77)     18.54 (  19.49)    2.13e-17     2.13e-17   ok
13568 13568     50.01 (   7.36)      52.61 (   7.00)     15.22 (  24.19)    2.11e-17     2.11e-17   ok
13696 13696     51.65 (   7.26)      53.38 (   7.03)     19.96 (  18.80)    2.15e-17     2.15e-17   ok
13824 13824     49.73 (   7.69)      50.59 (   7.56)     20.17 (  18.95)    2.17e-17     2.17e-17   ok
13952 13952     50.20 (   7.76)      53.11 (   7.33)     26.95 (  14.45)    2.14e-17     2.14e-17   ok
14080 14080     50.99 (   7.78)      54.01 (   7.34)     20.91 (  18.96)    2.16e-17     2.15e-17   ok
14208 14208     52.32 (   7.72)      53.99 (   7.48)     27.06 (  14.92)    2.17e-17     2.17e-17   ok
14336 14336     48.63 (   8.45)      53.07 (   7.75)     18.09 (  22.72)    2.15e-17     2.15e-17   ok
14464 14464     50.81 (   8.23)      53.91 (   7.76)     20.77 (  20.15)    2.16e-17     2.15e-17   ok
14592 14592     50.21 (   8.48)      53.12 (   8.02)     21.37 (  19.93)    2.15e-17     2.14e-17   ok
14720 14720     52.54 (   8.25)      53.69 (   8.07)     21.08 (  20.56)    2.17e-17     2.17e-17   ok
14848 14848     51.15 (   8.62)      54.13 (   8.15)     21.03 (  20.96)    2.16e-17     2.15e-17   ok
14976 14976     51.31 (   8.74)      53.74 (   8.35)     21.08 (  21.28)    2.13e-17     2.13e-17   ok
15104 15104     52.17 (   8.75)      54.08 (   8.44)     21.55 (  21.18)    2.13e-17     2.13e-17   ok
15232 15232     51.13 (   9.08)      53.61 (   8.66)     21.38 (  21.71)    2.16e-17     2.15e-17   ok
15360 15360     47.67 (   9.90)      49.09 (   9.61)     22.07 (  21.38)    2.15e-17     2.15e-17   ok
15488 15488     50.28 (   9.54)      53.47 (   8.97)     18.31 (  26.20)    2.12e-17     2.11e-17   ok
15616 15616     52.41 (   9.31)      54.21 (   9.00)     22.71 (  21.48)    2.13e-17     2.13e-17   ok
15744 15744     52.36 (   9.47)      54.29 (   9.13)     21.84 (  22.70)    2.14e-17     2.14e-17   ok
15872 15872     52.46 (   9.60)      54.56 (   9.23)     22.25 (  22.64)    2.12e-17     2.12e-17   ok
16000 16000     51.96 (   9.85)      54.22 (   9.44)     22.08 (  23.19)    2.11e-17     2.10e-17   ok
16128 16128     51.30 (  10.14)      53.25 (   9.77)     21.32 (  24.40)    2.11e-17     2.11e-17   ok
16256 16256     51.22 (  10.32)      54.15 (   9.76)     22.68 (  23.31)    2.12e-17     2.11e-17   ok
16384 16384     53.03 (  10.12)      54.32 (   9.88)     22.46 (  23.91)    2.09e-17     2.09e-17   ok
16512 16512     51.94 (  10.50)      54.00 (  10.10)     22.67 (  24.06)    2.09e-17     2.08e-17   ok
16640 16640     51.74 (  10.70)      53.77 (  10.30)     17.83 (  31.05)    2.08e-17     2.07e-17   ok
16768 16768     51.14 (  11.00)      54.19 (  10.38)     19.02 (  29.57)    2.09e-17     2.09e-17   ok
16896 16896     52.05 (  10.97)      50.97 (  11.20)     20.95 (  27.26)    2.09e-17     2.08e-17   ok
17024 17024     51.99 (  11.15)      54.41 (  10.65)     24.18 (  23.98)    2.05e-17     2.05e-17   ok
17152 17152     52.10 (  11.29)      54.56 (  10.78)     22.56 (  26.08)    2.06e-17     2.05e-17   ok
17280 17280     51.24 (  11.66)      54.21 (  11.02)     23.21 (  25.74)    2.06e-17     2.05e-17   ok
17408 17408     51.53 (  11.76)      54.00 (  11.22)     23.27 (  26.04)    2.08e-17     2.07e-17   ok
17536 17536     52.74 (  11.66)      54.76 (  11.23)     23.16 (  26.55)    2.06e-17     2.06e-17   ok
17664 17664     52.73 (  11.83)      53.98 (  11.56)     22.79 (  27.39)    2.03e-17     2.03e-17   ok
17792 17792     52.53 (  12.05)      54.12 (  11.70)     23.53 (  26.91)    2.04e-17     2.04e-17   ok
17920 17920     49.28 (  13.03)      53.46 (  12.02)     23.03 (  27.89)    2.04e-17     2.03e-17   ok
18048 18048     51.65 (  12.61)      54.43 (  11.97)     23.30 (  27.97)    2.04e-17     2.03e-17   ok
18176 18176     53.04 (  12.46)      54.83 (  12.05)     23.83 (  27.73)    2.03e-17     2.02e-17   ok
18304 18304     50.30 (  13.32)      53.70 (  12.48)     23.71 (  28.26)    2.00e-17     2.00e-17   ok
18432 18432     46.63 (  14.57)      41.83 (  16.24)     22.18 (  30.64)    2.00e-17     1.99e-17   ok
18560 18560     52.53 (  13.12)      54.48 (  12.65)     23.86 (  28.87)    1.99e-17     1.98e-17   ok
18688 18688     51.91 (  13.46)      54.56 (  12.80)     23.85 (  29.28)    1.99e-17     1.99e-17   ok
18816 18816     51.73 (  13.69)      54.47 (  13.00)     23.92 (  29.61)    2.00e-17     1.99e-17   ok
18944 18944     50.73 (  14.15)      54.09 (  13.27)     23.12 (  31.05)    1.97e-17     1.97e-17   ok
19072 19072     50.60 (  14.38)      53.07 (  13.71)     23.97 (  30.35)    1.97e-17     1.97e-17   ok
19200 19200     51.84 (  14.22)      53.49 (  13.78)     24.16 (  30.52)    1.96e-17     1.96e-17   ok
19328 19328     51.82 (  14.42)      54.50 (  13.71)     23.78 (  31.43)    1.94e-17     1.94e-17   ok
19456 19456     52.04 (  14.55)      54.33 (  13.93)     23.90 (  31.67)    1.96e-17     1.96e-17   ok
19584 19584     52.52 (  14.61)      54.75 (  14.01)     23.90 (  32.10)    1.95e-17     1.94e-17   ok
19712 19712     50.33 (  15.44)      53.64 (  14.49)     24.20 (  32.11)    1.93e-17     1.92e-17   ok
19840 19840     52.26 (  15.06)      54.50 (  14.45)     24.05 (  32.73)    1.91e-17     1.91e-17   ok
19968 19968     51.52 (  15.48)      51.41 (  15.51)     19.17 (  41.59)    1.92e-17     1.92e-17   ok
20096 20096     52.45 (  15.40)      54.80 (  14.74)     24.37 (  33.14)    1.91e-17     1.91e-17   ok
20224 20224     52.60 (  15.55)      54.48 (  15.02)     24.00 (  34.08)    1.91e-17     1.91e-17   ok
20352 20352     52.64 (  15.74)      54.11 (  15.31)     24.22 (  34.21)    1.89e-17     1.88e-17   ok
20480 20480     52.51 (  15.98)      54.98 (  15.26)     23.79 (  35.26)    1.91e-17     1.90e-17   ok
