% MAGMA 2.7.0  32-bit magma_int_t, 64-bit pointer.
% Compiled with CUDA support for 8.0
% CUDA runtime 11070, driver 12000. OpenMP threads 16. 
% device 0: NVIDIA A30 MIG 2g.12gb, 1440.0 MHz clock, 11968.0 MiB memory, capability 8.0
% Sun Mar 12 16:34:51 2023
% Usage: /homelocal/jcamar02/magma-2.7.0/build/testing/testing_dgemv [options] [-h|--help]

% trans = No transpose
%   M     N   MAGMA Gflop/s (ms)  cuBLAS Gflop/s (ms)   CPU Gflop/s (ms)  MAGMA error  cuBLAS error
%==================================================================================================
  128   128      0.69 (   0.05)       0.19 (   0.17)      0.05 (   0.63)    2.26e-17     2.17e-17   ok
  256   256      3.86 (   0.03)       2.09 (   0.06)      0.01 (   9.34)    2.23e-17     2.20e-17   ok
  384   384      7.38 (   0.04)       4.05 (   0.07)      0.03 (   9.47)    2.13e-17     2.09e-17   ok
  512   512     13.77 (   0.04)       5.10 (   0.10)      0.09 (   5.62)    2.09e-17     2.07e-17   ok
  640   640     21.11 (   0.04)       9.89 (   0.08)      0.17 (   4.94)    1.90e-17     1.86e-17   ok
  768   768     28.15 (   0.04)      10.45 (   0.11)      0.24 (   4.91)    2.06e-17     2.04e-17   ok
  896   896     41.11 (   0.04)      12.74 (   0.13)      0.32 (   4.96)    2.17e-17     2.13e-17   ok
 1024  1024     41.93 (   0.05)       1.62 (   1.30)      0.22 (   9.60)    2.08e-17     2.06e-17   ok
 1152  1152     49.08 (   0.05)      21.26 (   0.12)      0.47 (   5.71)    2.06e-17     2.06e-17   ok
 1280  1280     50.38 (   0.07)      19.05 (   0.17)      7.16 (   0.46)    1.95e-17     2.03e-17   ok
 1408  1408     50.28 (   0.08)      35.11 (   0.11)      0.76 (   5.19)    1.92e-17     1.89e-17   ok
 1536  1536     55.47 (   0.09)      27.32 (   0.17)      0.89 (   5.29)    2.09e-17     2.07e-17   ok
 1664  1664     64.56 (   0.09)      37.19 (   0.15)      7.22 (   0.77)    2.19e-17     2.17e-17   ok
 1792  1792     72.26 (   0.09)      40.65 (   0.16)      1.29 (   4.99)    2.14e-17     2.13e-17   ok
 1920  1920     57.62 (   0.13)      43.39 (   0.17)      1.43 (   5.15)    2.10e-17     2.09e-17   ok
 2048  2048     61.76 (   0.14)      46.62 (   0.18)      0.86 (   9.74)    2.07e-17     2.06e-17   ok
 2176  2176     65.36 (   0.14)      51.21 (   0.19)     10.87 (   0.87)    2.05e-17     2.04e-17   ok
 2304  2304     68.12 (   0.16)      48.27 (   0.22)     11.56 (   0.92)    2.02e-17     2.01e-17   ok
 2432  2432     72.15 (   0.16)      54.01 (   0.22)     11.95 (   0.99)    1.93e-17     1.92e-17   ok
 2560  2560     75.75 (   0.17)      57.77 (   0.23)     14.25 (   0.92)    1.94e-17     1.92e-17   ok
 2688  2688     79.89 (   0.18)      64.78 (   0.22)     12.59 (   1.15)    1.86e-17     1.85e-17   ok
 2816  2816     78.56 (   0.20)      62.42 (   0.25)     13.58 (   1.17)    1.96e-17     1.95e-17   ok
 2944  2944     84.96 (   0.20)      67.22 (   0.26)     12.93 (   1.34)    2.02e-17     2.02e-17   ok
 3072  3072     86.64 (   0.22)      68.39 (   0.28)     16.13 (   1.17)    2.05e-17     2.04e-17   ok
 3200  3200     87.95 (   0.23)      70.66 (   0.29)     14.54 (   1.41)    2.14e-17     2.13e-17   ok
 3328  3328     90.14 (   0.25)      74.11 (   0.30)     15.17 (   1.46)    2.18e-17     2.17e-17   ok
 3456  3456     91.19 (   0.26)      74.68 (   0.32)     15.20 (   1.57)    2.14e-17     2.12e-17   ok
 3584  3584     89.52 (   0.29)      70.82 (   0.36)     16.77 (   1.53)    2.15e-17     2.15e-17   ok
 3712  3712     79.90 (   0.34)      24.99 (   1.10)     15.63 (   1.76)    2.19e-17     2.18e-17   ok
 3840  3840     80.39 (   0.37)      75.44 (   0.39)     16.46 (   1.79)    2.12e-17     2.12e-17   ok
 3968  3968     79.97 (   0.39)      75.93 (   0.41)     16.42 (   1.92)    2.15e-17     2.14e-17   ok
 4096  4096     86.95 (   0.39)      81.47 (   0.41)     20.01 (   1.68)    2.12e-17     2.11e-17   ok
 4224  4224     87.24 (   0.41)      80.40 (   0.44)     16.97 (   2.10)    2.09e-17     2.08e-17   ok
 4352  4352     88.53 (   0.43)      82.04 (   0.46)     17.70 (   2.14)    2.06e-17     2.06e-17   ok
 4480  4480     89.24 (   0.45)      86.71 (   0.46)     17.90 (   2.24)    2.00e-17     2.00e-17   ok
 4608  4608     92.94 (   0.46)      86.86 (   0.49)     19.79 (   2.15)    1.97e-17     1.97e-17   ok
 4736  4736     93.30 (   0.48)      86.29 (   0.52)     18.46 (   2.43)    1.97e-17     1.97e-17   ok
 4864  4864     93.50 (   0.51)      83.19 (   0.57)     19.55 (   2.42)    1.95e-17     1.95e-17   ok
 4992  4992     95.13 (   0.52)      87.74 (   0.57)     19.56 (   2.55)    1.95e-17     1.95e-17   ok
 5120  5120     96.55 (   0.54)      89.81 (   0.58)     21.41 (   2.45)    1.89e-17     1.89e-17   ok
 5248  5248     97.17 (   0.57)      91.08 (   0.60)     20.43 (   2.70)    1.90e-17     1.90e-17   ok
 5376  5376     96.34 (   0.60)      88.82 (   0.65)     19.87 (   2.91)    1.85e-17     1.84e-17   ok
 5504  5504     86.57 (   0.70)      90.07 (   0.67)     20.44 (   2.96)    1.87e-17     1.86e-17   ok
 5632  5632     83.27 (   0.76)      88.86 (   0.71)     20.57 (   3.08)    1.86e-17     1.85e-17   ok
 5760  5760     90.06 (   0.74)      92.94 (   0.71)     20.44 (   3.25)    1.98e-17     1.98e-17   ok
 5888  5888     90.08 (   0.77)      90.90 (   0.76)     21.56 (   3.22)    2.08e-17     2.07e-17   ok
 6016  6016     91.99 (   0.79)      93.29 (   0.78)     21.29 (   3.40)    2.07e-17     2.07e-17   ok
 6144  6144     90.64 (   0.83)      87.90 (   0.86)     22.63 (   3.34)    2.09e-17     2.09e-17   ok
 6272  6272     94.92 (   0.83)      93.55 (   0.84)     21.62 (   3.64)    2.10e-17     2.09e-17   ok
 6400  6400     96.05 (   0.85)      93.00 (   0.88)     21.88 (   3.74)    2.14e-17     2.13e-17   ok
 6528  6528     96.55 (   0.88)      95.90 (   0.89)     22.03 (   3.87)    2.14e-17     2.14e-17   ok
 6656  6656     95.90 (   0.92)      94.67 (   0.94)     22.17 (   4.00)    2.18e-17     2.18e-17   ok
 6784  6784     97.53 (   0.94)      96.39 (   0.96)     22.29 (   4.13)    2.19e-17     2.19e-17   ok
 6912  6912     98.92 (   0.97)      97.81 (   0.98)     22.32 (   4.28)    2.18e-17     2.18e-17   ok
 7040  7040     98.46 (   1.01)      95.52 (   1.04)     23.11 (   4.29)    2.17e-17     2.17e-17   ok
 7168  7168     97.79 (   1.05)      96.76 (   1.06)     23.61 (   4.35)    2.17e-17     2.16e-17   ok
 7296  7296     92.18 (   1.16)      98.39 (   1.08)     23.47 (   4.54)    2.16e-17     2.16e-17   ok
 7424  7424     92.80 (   1.19)      99.04 (   1.11)     22.98 (   4.80)    2.18e-17     2.17e-17   ok
 7552  7552     92.75 (   1.23)      98.84 (   1.15)     23.75 (   4.80)    2.17e-17     2.17e-17   ok
 7680  7680     95.00 (   1.24)      99.39 (   1.19)     25.23 (   4.68)    2.14e-17     2.14e-17   ok
 7808  7808     93.59 (   1.30)      96.16 (   1.27)     23.22 (   5.25)    2.14e-17     2.13e-17   ok
 7936  7936     96.68 (   1.30)      99.58 (   1.27)     23.31 (   5.40)    2.17e-17     2.16e-17   ok
 8064  8064     98.02 (   1.33)      98.69 (   1.32)     23.50 (   5.53)    2.11e-17     2.11e-17   ok
 8192  8192     99.95 (   1.34)     100.77 (   1.33)     27.29 (   4.92)    2.12e-17     2.12e-17   ok
 8320  8320     99.61 (   1.39)      99.97 (   1.38)     23.72 (   5.84)    2.09e-17     2.09e-17   ok
 8448  8448     99.13 (   1.44)      97.64 (   1.46)     24.02 (   5.94)    2.08e-17     2.08e-17   ok
 8576  8576     98.54 (   1.49)      99.88 (   1.47)     24.28 (   6.06)    2.09e-17     2.08e-17   ok
 8704  8704    100.49 (   1.51)     100.76 (   1.50)     25.33 (   5.98)    2.04e-17     2.03e-17   ok
 8832  8832     99.56 (   1.57)     101.12 (   1.54)     24.70 (   6.32)    2.03e-17     2.03e-17   ok
 8960  8960     98.45 (   1.63)     100.38 (   1.60)     24.63 (   6.52)    2.06e-17     2.06e-17   ok
 9088  9088     94.40 (   1.75)     101.29 (   1.63)     24.67 (   6.70)    2.01e-17     2.01e-17   ok
 9216  9216     93.81 (   1.81)      98.08 (   1.73)     24.93 (   6.81)    2.03e-17     2.03e-17   ok
 9344  9344     95.33 (   1.83)     101.54 (   1.72)     25.21 (   6.93)    1.99e-17     1.99e-17   ok
 9472  9472     95.35 (   1.88)     101.91 (   1.76)     24.64 (   7.28)    1.98e-17     1.98e-17   ok
 9600  9600     97.23 (   1.90)     101.68 (   1.81)     25.34 (   7.27)    1.97e-17     1.96e-17   ok
 9728  9728     97.87 (   1.93)     102.59 (   1.85)     24.52 (   7.72)    1.94e-17     1.94e-17   ok
 9856  9856     97.45 (   1.99)     102.15 (   1.90)     25.57 (   7.60)    1.92e-17     1.92e-17   ok
 9984  9984     99.00 (   2.01)     103.24 (   1.93)     26.03 (   7.66)    1.91e-17     1.91e-17   ok
10112 10112     98.75 (   2.07)     102.00 (   2.01)     25.57 (   8.00)    1.90e-17     1.89e-17   ok
10240 10240    100.79 (   2.08)     101.77 (   2.06)     25.67 (   8.17)    1.90e-17     1.89e-17   ok
10368 10368    100.43 (   2.14)     103.33 (   2.08)     25.22 (   8.52)    1.85e-17     1.85e-17   ok
10496 10496    102.10 (   2.16)     103.55 (   2.13)     26.63 (   8.28)    1.88e-17     1.87e-17   ok
10624 10624    101.56 (   2.22)     104.00 (   2.17)     25.85 (   8.73)    1.86e-17     1.85e-17   ok
10752 10752    101.38 (   2.28)     103.28 (   2.24)     25.37 (   9.12)    1.85e-17     1.84e-17   ok
10880 10880     95.74 (   2.47)     103.08 (   2.30)     25.99 (   9.11)    1.82e-17     1.81e-17   ok
11008 11008     96.19 (   2.52)     102.26 (   2.37)     26.16 (   9.27)    1.84e-17     1.84e-17   ok
11136 11136     97.04 (   2.56)     103.96 (   2.39)     25.95 (   9.56)    1.88e-17     1.88e-17   ok
11264 11264     88.83 (   2.86)      95.77 (   2.65)     25.76 (   9.85)    1.93e-17     1.93e-17   ok
11392 11392     97.44 (   2.66)     103.09 (   2.52)     26.25 (   9.89)    2.01e-17     2.00e-17   ok
11520 11520     98.82 (   2.69)     104.34 (   2.54)     25.86 (  10.27)    1.96e-17     1.95e-17   ok
11648 11648     97.86 (   2.77)     103.11 (   2.63)     26.34 (  10.30)    2.00e-17     1.99e-17   ok
11776 11776     99.14 (   2.80)     103.85 (   2.67)     26.16 (  10.60)    2.02e-17     2.01e-17   ok
11904 11904     99.80 (   2.84)     104.32 (   2.72)     26.41 (  10.73)    2.07e-17     2.07e-17   ok
12032 12032    100.76 (   2.87)     103.71 (   2.79)     25.90 (  11.18)    2.07e-17     2.07e-17   ok
12160 12160    101.11 (   2.93)     104.66 (   2.83)     25.93 (  11.40)    2.05e-17     2.05e-17   ok
12288 12288     77.30 (   3.91)      77.20 (   3.91)     27.12 (  11.14)    2.10e-17     2.10e-17   ok
12416 12416    103.40 (   2.98)     104.87 (   2.94)     26.69 (  11.55)    2.10e-17     2.09e-17   ok
12544 12544    101.20 (   3.11)     104.70 (   3.01)     25.85 (  12.18)    2.13e-17     2.13e-17   ok
12672 12672     97.06 (   3.31)     104.41 (   3.08)     26.40 (  12.16)    2.15e-17     2.14e-17   ok
12800 12800     98.14 (   3.34)     104.90 (   3.12)     27.04 (  12.12)    2.13e-17     2.13e-17   ok
12928 12928     97.86 (   3.42)     105.09 (   3.18)     26.61 (  12.56)    2.15e-17     2.14e-17   ok
13056 13056     99.23 (   3.44)     105.37 (   3.24)     26.65 (  12.79)    2.15e-17     2.15e-17   ok
13184 13184     99.10 (   3.51)     103.93 (   3.35)     26.43 (  13.15)    2.15e-17     2.15e-17   ok
13312 13312    101.51 (   3.49)     105.56 (   3.36)     26.82 (  13.22)    2.14e-17     2.13e-17   ok
13440 13440     98.74 (   3.66)     104.99 (   3.44)     20.10 (  17.97)    2.13e-17     2.13e-17   ok
13568 13568    102.20 (   3.60)     105.05 (   3.50)     27.10 (  13.59)    2.11e-17     2.11e-17   ok
13696 13696     99.89 (   3.76)     105.54 (   3.56)     26.65 (  14.08)    2.15e-17     2.15e-17   ok
13824 13824     99.57 (   3.84)     104.87 (   3.64)     20.03 (  19.08)    2.17e-17     2.17e-17   ok
13952 13952    100.92 (   3.86)     105.06 (   3.71)     20.57 (  18.93)    2.14e-17     2.14e-17   ok
14080 14080    103.42 (   3.83)     105.43 (   3.76)     20.71 (  19.15)    2.16e-17     2.15e-17   ok
14208 14208    100.82 (   4.00)     105.31 (   3.83)     20.60 (  19.60)    2.17e-17     2.17e-17   ok
14336 14336    101.55 (   4.05)     104.36 (   3.94)     19.90 (  20.66)    2.15e-17     2.15e-17   ok
14464 14464     97.65 (   4.29)     105.48 (   3.97)     21.53 (  19.44)    2.16e-17     2.15e-17   ok
14592 14592     99.74 (   4.27)     106.58 (   4.00)     21.47 (  19.83)    2.15e-17     2.14e-17   ok
14720 14720     98.61 (   4.40)     105.86 (   4.09)     21.05 (  20.59)    2.17e-17     2.17e-17   ok
14848 14848    102.64 (   4.30)     107.06 (   4.12)     21.43 (  20.57)    2.16e-17     2.15e-17   ok
14976 14976    102.35 (   4.38)     106.40 (   4.22)     21.09 (  21.27)    2.13e-17     2.13e-17   ok
15104 15104    100.31 (   4.55)      16.01 (  28.49)     21.88 (  20.85)    2.13e-17     2.13e-17   ok
15232 15232     95.49 (   4.86)     100.84 (   4.60)     21.49 (  21.59)    2.16e-17     2.15e-17   ok
15360 15360    101.33 (   4.66)     104.66 (   4.51)     21.14 (  22.32)    2.15e-17     2.15e-17   ok
15488 15488     99.89 (   4.80)     105.05 (   4.57)     21.33 (  22.50)    2.12e-17     2.12e-17   ok
15616 15616    101.28 (   4.82)     105.89 (   4.61)     21.39 (  22.80)    2.13e-17     2.13e-17   ok
15744 15744    102.58 (   4.83)     104.13 (   4.76)     21.67 (  22.88)    2.14e-17     2.14e-17   ok
15872 15872    102.50 (   4.92)     106.53 (   4.73)     22.26 (  22.63)    2.12e-17     2.12e-17   ok
16000 16000    101.29 (   5.05)     105.92 (   4.83)     22.45 (  22.81)    2.11e-17     2.10e-17   ok
16128 16128    105.42 (   4.94)     107.11 (   4.86)     21.41 (  24.30)    2.11e-17     2.11e-17   ok
16256 16256    101.22 (   5.22)     106.84 (   4.95)     22.88 (  23.10)    2.12e-17     2.11e-17   ok
16384 16384    101.53 (   5.29)     107.25 (   5.01)     22.64 (  23.72)    2.09e-17     2.09e-17   ok
16512 16512    102.85 (   5.30)     107.43 (   5.08)     22.24 (  24.52)    2.09e-17     2.08e-17   ok
16640 16640    103.44 (   5.35)     107.62 (   5.15)     21.35 (  25.94)    2.08e-17     2.07e-17   ok
16768 16768    100.71 (   5.58)     106.67 (   5.27)     22.48 (  25.02)    2.09e-17     2.09e-17   ok
16896 16896     94.11 (   6.07)     101.56 (   5.62)     22.17 (  25.75)    2.09e-17     2.08e-17   ok
17024 17024    100.53 (   5.77)     105.70 (   5.48)     22.68 (  25.56)    2.05e-17     2.05e-17   ok
17152 17152    102.16 (   5.76)     106.87 (   5.51)     22.67 (  25.96)    2.06e-17     2.06e-17   ok
17280 17280    103.46 (   5.77)     107.42 (   5.56)     22.43 (  26.63)    2.06e-17     2.05e-17   ok
17408 17408    104.38 (   5.81)     107.54 (   5.64)     23.27 (  26.04)    2.08e-17     2.07e-17   ok
17536 17536    104.94 (   5.86)     108.02 (   5.69)     22.77 (  27.01)    2.06e-17     2.06e-17   ok
17664 17664    103.14 (   6.05)     106.84 (   5.84)     22.95 (  27.19)    2.03e-17     2.03e-17   ok
17792 17792    105.07 (   6.03)     107.72 (   5.88)     22.59 (  28.02)    2.04e-17     2.04e-17   ok
17920 17920    100.18 (   6.41)     106.96 (   6.01)     23.15 (  27.75)    2.04e-17     2.03e-17   ok
18048 18048    102.03 (   6.39)     107.67 (   6.05)     23.09 (  28.22)    2.04e-17     2.03e-17   ok
18176 18176    101.75 (   6.49)     107.78 (   6.13)     23.92 (  27.62)    2.03e-17     2.02e-17   ok
18304 18304    100.32 (   6.68)     106.31 (   6.30)     23.40 (  28.64)    2.00e-17     2.00e-17   ok
18432 18432     96.04 (   7.08)      98.68 (   6.89)     22.70 (  29.94)    2.00e-17     2.00e-17   ok
18560 18560    103.16 (   6.68)     106.85 (   6.45)     23.81 (  28.94)    1.99e-17     1.98e-17   ok
18688 18688    102.05 (   6.84)     107.19 (   6.52)     23.54 (  29.68)    1.99e-17     1.99e-17   ok
18816 18816    103.31 (   6.85)     107.63 (   6.58)     23.93 (  29.59)    2.00e-17     1.99e-17   ok
18944 18944    101.94 (   7.04)     107.31 (   6.69)     22.81 (  31.47)    1.97e-17     1.97e-17   ok
19072 19072    103.55 (   7.03)     106.70 (   6.82)     24.15 (  30.12)    1.97e-17     1.97e-17   ok
19200 19200    103.21 (   7.14)     107.51 (   6.86)     23.77 (  31.02)    1.96e-17     1.96e-17   ok
19328 19328    104.47 (   7.15)     107.65 (   6.94)     23.64 (  31.60)    1.94e-17     1.94e-17   ok
19456 19456    104.62 (   7.24)     107.39 (   7.05)     20.34 (  37.22)    1.96e-17     1.96e-17   ok
19584 19584    104.66 (   7.33)     107.97 (   7.11)     23.34 (  32.86)    1.95e-17     1.94e-17   ok
19712 19712    103.98 (   7.47)     107.05 (   7.26)     24.07 (  32.29)    1.93e-17     1.92e-17   ok
19840 19840    101.35 (   7.77)     107.68 (   7.31)     24.05 (  32.74)    1.91e-17     1.91e-17   ok
19968 19968    102.58 (   7.77)     108.03 (   7.38)     24.18 (  32.99)    1.92e-17     1.92e-17   ok
20096 20096    103.16 (   7.83)     107.65 (   7.50)     24.25 (  33.30)    1.91e-17     1.91e-17   ok
20224 20224    102.55 (   7.98)     107.98 (   7.58)     23.94 (  34.17)    1.91e-17     1.91e-17   ok
20352 20352    101.29 (   8.18)     105.88 (   7.82)     24.11 (  34.36)    1.89e-17     1.88e-17   ok
20480 20480    104.91 (   8.00)     108.33 (   7.74)     24.73 (  33.93)    1.91e-17     1.90e-17   ok
