% MAGMA 2.7.0  32-bit magma_int_t, 64-bit pointer.
% Compiled with CUDA support for 8.0
% CUDA runtime 11070, driver 12000. OpenMP threads 16. 
% device 0: NVIDIA A30 MIG 4g.24gb, 1440.0 MHz clock, 24092.4 MiB memory, capability 8.0
% Sun Mar 12 16:42:25 2023
% Usage: /homelocal/jcamar02/magma-2.7.0/build/testing/testing_dgemv [options] [-h|--help]

% trans = No transpose
%   M     N   MAGMA Gflop/s (ms)  cuBLAS Gflop/s (ms)   CPU Gflop/s (ms)  MAGMA error  cuBLAS error
%==================================================================================================
  128   128      0.64 (   0.05)       0.18 (   0.18)      0.00 (  13.01)    2.26e-17     2.22e-17   ok
  256   256      3.56 (   0.04)       1.85 (   0.07)      0.03 (   4.77)    2.23e-17     2.22e-17   ok
  384   384      0.70 (   0.42)       4.18 (   0.07)      0.06 (   4.88)    2.13e-17     2.09e-17   ok
  512   512     13.11 (   0.04)       6.42 (   0.08)      0.01 (  36.90)    2.09e-17     2.07e-17   ok
  640   640     20.01 (   0.04)      11.10 (   0.07)      4.53 (   0.18)    1.90e-17     1.86e-17   ok
  768   768     26.78 (   0.04)      11.03 (   0.11)      0.20 (   5.78)    2.06e-17     2.04e-17   ok
  896   896     34.93 (   0.05)      18.89 (   0.09)      0.34 (   4.78)    2.17e-17     2.13e-17   ok
 1024  1024     45.62 (   0.05)      22.07 (   0.10)      0.26 (   8.12)    2.08e-17     2.06e-17   ok
 1152  1152     37.52 (   0.07)      11.75 (   0.23)      0.32 (   8.37)    2.06e-17     2.06e-17   ok
 1280  1280     66.77 (   0.05)      36.88 (   0.09)      0.40 (   8.18)    1.95e-17     1.94e-17   ok
 1408  1408     68.20 (   0.06)      27.74 (   0.14)      0.76 (   5.24)    1.92e-17     2.21e-17   ok
 1536  1536     66.46 (   0.07)      25.92 (   0.18)      0.89 (   5.30)    2.09e-17     2.07e-17   ok
 1664  1664     75.95 (   0.07)      50.31 (   0.11)      1.06 (   5.21)    2.19e-17     2.17e-17   ok
 1792  1792     88.08 (   0.07)      56.86 (   0.11)      1.22 (   5.26)    2.14e-17     2.13e-17   ok
 1920  1920     94.33 (   0.08)      60.55 (   0.12)      0.77 (   9.62)    2.10e-17     2.09e-17   ok
 2048  2048    102.33 (   0.08)      67.70 (   0.12)      0.87 (   9.69)    2.07e-17     2.06e-17   ok
 2176  2176    105.13 (   0.09)      67.70 (   0.14)      0.73 (  12.95)    2.05e-17     2.04e-17   ok
 2304  2304    109.46 (   0.10)      72.79 (   0.15)     11.50 (   0.92)    2.02e-17     2.01e-17   ok
 2432  2432    123.17 (   0.10)      73.97 (   0.16)     11.57 (   1.02)    1.93e-17     1.92e-17   ok
 2560  2560    127.31 (   0.10)      87.44 (   0.15)     13.41 (   0.98)    1.94e-17     1.92e-17   ok
 2688  2688    135.04 (   0.11)      87.12 (   0.17)     12.31 (   1.17)    1.86e-17     1.85e-17   ok
 2816  2816    130.22 (   0.12)     101.75 (   0.16)     13.54 (   1.17)    1.96e-17     1.96e-17   ok
 2944  2944     36.13 (   0.48)     101.86 (   0.17)     13.91 (   1.25)    2.02e-17     2.02e-17   ok
 3072  3072    148.85 (   0.13)     102.58 (   0.18)     15.81 (   1.19)    2.05e-17     2.04e-17   ok
 3200  3200    156.51 (   0.13)     107.27 (   0.19)     14.53 (   1.41)    2.14e-17     2.13e-17   ok
 3328  3328    154.89 (   0.14)     100.69 (   0.22)     11.66 (   1.90)    2.18e-17     2.17e-17   ok
 3456  3456    163.76 (   0.15)     119.60 (   0.20)     11.92 (   2.01)    2.14e-17     2.12e-17   ok
 3584  3584    170.27 (   0.15)     120.16 (   0.21)     17.09 (   1.50)    2.15e-17     2.15e-17   ok
 3712  3712    116.79 (   0.24)     120.43 (   0.23)     15.94 (   1.73)    2.19e-17     2.18e-17   ok
 3840  3840    118.97 (   0.25)     124.98 (   0.24)     16.57 (   1.78)    2.12e-17     2.11e-17   ok
 3968  3968    123.93 (   0.25)     126.06 (   0.25)     16.83 (   1.87)    2.15e-17     2.14e-17   ok
 4096  4096    129.15 (   0.26)     134.32 (   0.25)     20.42 (   1.64)    2.12e-17     2.11e-17   ok
 4224  4224    131.67 (   0.27)     139.39 (   0.26)     17.43 (   2.05)    2.09e-17     2.08e-17   ok
 4352  4352    134.90 (   0.28)     141.89 (   0.27)     17.96 (   2.11)    2.06e-17     2.06e-17   ok
 4480  4480    134.72 (   0.30)     144.92 (   0.28)     18.38 (   2.18)    2.00e-17     2.00e-17   ok
 4608  4608    139.73 (   0.30)     145.44 (   0.29)     19.39 (   2.19)    1.97e-17     1.97e-17   ok
 4736  4736    143.33 (   0.31)     136.77 (   0.33)     13.57 (   3.31)    1.97e-17     1.97e-17   ok
 4864  4864    147.48 (   0.32)     145.64 (   0.32)     19.08 (   2.48)    1.95e-17     1.95e-17   ok
 4992  4992    148.29 (   0.34)     148.82 (   0.33)     19.98 (   2.50)    1.95e-17     1.95e-17   ok
 5120  5120    154.24 (   0.34)     151.58 (   0.35)     21.03 (   2.49)    1.89e-17     1.89e-17   ok
 5248  5248    156.03 (   0.35)     145.70 (   0.38)     14.75 (   3.73)    1.90e-17     1.90e-17   ok
 5376  5376    160.16 (   0.36)     156.65 (   0.37)     20.48 (   2.82)    1.85e-17     1.84e-17   ok
 5504  5504    160.36 (   0.38)     157.77 (   0.38)     21.01 (   2.88)    1.87e-17     1.86e-17   ok
 5632  5632    168.33 (   0.38)     160.71 (   0.39)     21.19 (   2.99)    1.86e-17     1.85e-17   ok
 5760  5760    168.09 (   0.39)     158.34 (   0.42)     15.07 (   4.40)    1.98e-17     1.98e-17   ok
 5888  5888    170.30 (   0.41)     165.17 (   0.42)     16.00 (   4.33)    2.08e-17     2.07e-17   ok
 6016  6016    175.73 (   0.41)     161.95 (   0.45)     15.23 (   4.76)    2.07e-17     2.07e-17   ok
 6144  6144    175.56 (   0.43)     161.75 (   0.47)     22.90 (   3.30)    2.09e-17     2.09e-17   ok
 6272  6272    177.25 (   0.44)     159.60 (   0.49)     15.57 (   5.05)    2.10e-17     2.09e-17   ok
 6400  6400    177.78 (   0.46)     169.96 (   0.48)     22.93 (   3.57)    2.14e-17     2.13e-17   ok
 6528  6528    181.03 (   0.47)     170.17 (   0.50)     22.70 (   3.76)    2.14e-17     2.14e-17   ok
 6656  6656    180.43 (   0.49)     169.80 (   0.52)     22.56 (   3.93)    2.18e-17     2.18e-17   ok
 6784  6784    185.19 (   0.50)     168.91 (   0.55)     16.49 (   5.58)    2.19e-17     2.19e-17   ok
 6912  6912    183.03 (   0.52)     176.65 (   0.54)     16.29 (   5.87)    2.18e-17     2.18e-17   ok
 7040  7040    188.15 (   0.53)     175.45 (   0.57)     17.21 (   5.76)    2.17e-17     2.17e-17   ok
 7168  7168    188.65 (   0.54)     176.88 (   0.58)     17.19 (   5.98)    2.17e-17     2.16e-17   ok
 7296  7296    151.70 (   0.70)     176.31 (   0.60)     11.97 (   8.90)    2.16e-17     2.16e-17   ok
 7424  7424    153.57 (   0.72)     170.63 (   0.65)     23.19 (   4.75)    2.18e-17     2.17e-17   ok
 7552  7552    153.95 (   0.74)     177.68 (   0.64)     24.05 (   4.74)    2.17e-17     2.17e-17   ok
 7680  7680    160.30 (   0.74)     183.75 (   0.64)     24.28 (   4.86)    2.14e-17     2.14e-17   ok
 7808  7808    161.30 (   0.76)     180.41 (   0.68)     23.87 (   5.11)    2.14e-17     2.13e-17   ok
 7936  7936    161.34 (   0.78)     178.69 (   0.71)     16.41 (   7.67)    2.17e-17     2.16e-17   ok
 8064  8064    163.00 (   0.80)     185.31 (   0.70)     16.77 (   7.76)    2.11e-17     2.11e-17   ok
 8192  8192    167.81 (   0.80)     184.66 (   0.73)     20.02 (   6.70)    2.12e-17     2.11e-17   ok
 8320  8320    169.07 (   0.82)     187.16 (   0.74)     24.13 (   5.74)    2.09e-17     2.09e-17   ok
 8448  8448    169.76 (   0.84)     184.46 (   0.77)     24.22 (   5.89)    2.08e-17     2.08e-17   ok
 8576  8576    170.69 (   0.86)     178.54 (   0.82)     16.68 (   8.82)    2.09e-17     2.08e-17   ok
 8704  8704    173.37 (   0.87)     187.99 (   0.81)     25.74 (   5.89)    2.04e-17     2.03e-17   ok
 8832  8832    175.31 (   0.89)     187.30 (   0.83)     24.90 (   6.27)    2.03e-17     2.03e-17   ok
 8960  8960    177.81 (   0.90)     186.31 (   0.86)     24.82 (   6.47)    2.06e-17     2.06e-17   ok
 9088  9088    181.34 (   0.91)     191.46 (   0.86)     25.26 (   6.54)    2.01e-17     2.01e-17   ok
 9216  9216    182.29 (   0.93)     190.27 (   0.89)     25.41 (   6.69)    2.03e-17     2.02e-17   ok
 9344  9344    181.94 (   0.96)     185.16 (   0.94)     17.56 (   9.95)    1.99e-17     1.99e-17   ok
 9472  9472    185.62 (   0.97)     187.33 (   0.96)     24.56 (   7.31)    1.98e-17     1.98e-17   ok
 9600  9600    185.81 (   0.99)     190.67 (   0.97)     25.25 (   7.30)    1.97e-17     1.96e-17   ok
 9728  9728    185.76 (   1.02)     186.32 (   1.02)     25.19 (   7.51)    1.94e-17     1.93e-17   ok
 9856  9856    186.66 (   1.04)     184.17 (   1.06)     25.74 (   7.55)    1.92e-17     1.91e-17   ok
 9984  9984    191.54 (   1.04)     193.36 (   1.03)     26.56 (   7.51)    1.91e-17     1.91e-17   ok
10112 10112    190.80 (   1.07)     194.39 (   1.05)     25.76 (   7.94)    1.90e-17     1.89e-17   ok
10240 10240    192.41 (   1.09)     188.29 (   1.11)     17.97 (  11.67)    1.90e-17     1.89e-17   ok
10368 10368    192.66 (   1.12)     194.02 (   1.11)     17.90 (  12.01)    1.85e-17     1.85e-17   ok
10496 10496    190.96 (   1.15)     192.79 (   1.14)     26.45 (   8.33)    1.88e-17     1.87e-17   ok
10624 10624    191.45 (   1.18)     191.64 (   1.18)     25.84 (   8.74)    1.86e-17     1.85e-17   ok
10752 10752    190.02 (   1.22)     193.01 (   1.20)     25.29 (   9.14)    1.85e-17     1.84e-17   ok
10880 10880    159.76 (   1.48)     182.55 (   1.30)     25.87 (   9.15)    1.82e-17     1.81e-17   ok
11008 11008    169.12 (   1.43)     196.71 (   1.23)     23.10 (  10.49)    1.84e-17     1.84e-17   ok
11136 11136    169.08 (   1.47)     196.70 (   1.26)     18.14 (  13.68)    1.88e-17     1.88e-17   ok
11264 11264    172.66 (   1.47)     195.06 (   1.30)     18.45 (  13.76)    1.93e-17     1.93e-17   ok
11392 11392    168.02 (   1.54)     196.81 (   1.32)     14.23 (  18.24)    2.01e-17     2.00e-17   ok
11520 11520    174.97 (   1.52)     199.31 (   1.33)     25.95 (  10.23)    1.96e-17     1.95e-17   ok
11648 11648    176.01 (   1.54)     198.82 (   1.36)     26.37 (  10.29)    2.00e-17     1.99e-17   ok
11776 11776    178.16 (   1.56)     200.55 (   1.38)     26.79 (  10.35)    2.02e-17     2.01e-17   ok
11904 11904    178.93 (   1.58)     199.46 (   1.42)     26.20 (  10.82)    2.07e-17     2.07e-17   ok
12032 12032    179.53 (   1.61)     198.87 (   1.46)     18.87 (  15.34)    2.07e-17     2.07e-17   ok
12160 12160    180.99 (   1.63)     198.35 (   1.49)     18.48 (  16.00)    2.05e-17     2.05e-17   ok
12288 12288    176.94 (   1.71)     183.72 (   1.64)     27.06 (  11.16)    2.10e-17     2.10e-17   ok
12416 12416    182.87 (   1.69)     200.23 (   1.54)     26.48 (  11.65)    2.10e-17     2.09e-17   ok
12544 12544    184.70 (   1.70)     202.37 (   1.56)     25.95 (  12.13)    2.13e-17     2.13e-17   ok
12672 12672    185.66 (   1.73)     201.76 (   1.59)     26.43 (  12.15)    2.15e-17     2.14e-17   ok
12800 12800    188.78 (   1.74)     201.89 (   1.62)     26.86 (  12.20)    2.13e-17     2.13e-17   ok
12928 12928    191.81 (   1.74)     199.00 (   1.68)     26.80 (  12.48)    2.15e-17     2.14e-17   ok
13056 13056    186.32 (   1.83)     191.44 (   1.78)     26.51 (  12.86)    2.15e-17     2.15e-17   ok
13184 13184    189.06 (   1.84)     195.55 (   1.78)     17.83 (  19.50)    2.15e-17     2.15e-17   ok
13312 13312    186.44 (   1.90)     191.38 (   1.85)     18.43 (  19.24)    2.14e-17     2.13e-17   ok
13440 13440    194.88 (   1.85)     196.37 (   1.84)      9.02 (  40.05)    2.13e-17     2.13e-17   ok
13568 13568    190.97 (   1.93)     194.92 (   1.89)      7.12 (  51.75)    2.11e-17     2.11e-17   ok
13696 13696    200.85 (   1.87)     201.83 (   1.86)     16.80 (  22.34)    2.15e-17     2.15e-17   ok
13824 13824    192.37 (   1.99)     195.32 (   1.96)     18.72 (  20.42)    2.17e-17     2.16e-17   ok
13952 13952    201.63 (   1.93)     197.54 (   1.97)     18.81 (  20.70)    2.14e-17     2.14e-17   ok
14080 14080    192.67 (   2.06)     198.68 (   2.00)     18.63 (  21.28)    2.16e-17     2.15e-17   ok
14208 14208    197.63 (   2.04)     199.10 (   2.03)     19.66 (  20.54)    2.17e-17     2.17e-17   ok
14336 14336    193.07 (   2.13)     196.31 (   2.09)     17.42 (  23.60)    2.15e-17     2.15e-17   ok
14464 14464    179.82 (   2.33)     201.27 (   2.08)     13.70 (  30.55)    2.16e-17     2.15e-17   ok
14592 14592    174.10 (   2.45)     200.23 (   2.13)     15.85 (  26.87)    2.15e-17     2.14e-17   ok
14720 14720    186.97 (   2.32)     202.90 (   2.14)     18.49 (  23.44)    2.17e-17     2.17e-17   ok
14848 14848    187.56 (   2.35)     200.36 (   2.20)     14.50 (  30.41)    2.16e-17     2.15e-17   ok
14976 14976    190.96 (   2.35)     204.65 (   2.19)     18.33 (  24.48)    2.13e-17     2.13e-17   ok
15104 15104    180.77 (   2.52)     201.37 (   2.27)     18.72 (  24.37)    2.13e-17     2.13e-17   ok
15232 15232    182.92 (   2.54)     206.34 (   2.25)     18.38 (  25.25)    2.16e-17     2.15e-17   ok
15360 15360    183.55 (   2.57)     203.67 (   2.32)     19.70 (  23.95)    2.15e-17     2.15e-17   ok
15488 15488    182.84 (   2.62)     202.78 (   2.37)     15.69 (  30.57)    2.12e-17     2.12e-17   ok
15616 15616    182.76 (   2.67)     204.09 (   2.39)     18.37 (  26.55)    2.13e-17     2.13e-17   ok
15744 15744    196.51 (   2.52)     205.28 (   2.42)     15.81 (  31.35)    2.14e-17     2.14e-17   ok
15872 15872    195.83 (   2.57)     205.32 (   2.45)     19.21 (  26.23)    2.12e-17     2.12e-17   ok
16000 16000    198.61 (   2.58)     204.17 (   2.51)     14.58 (  35.12)    2.11e-17     2.10e-17   ok
16128 16128    188.42 (   2.76)     203.31 (   2.56)     15.28 (  34.04)    2.11e-17     2.11e-17   ok
16256 16256    189.11 (   2.79)     202.20 (   2.61)     16.39 (  32.24)    2.12e-17     2.11e-17   ok
16384 16384    201.53 (   2.66)     204.83 (   2.62)     18.80 (  28.56)    2.09e-17     2.09e-17   ok
16512 16512    202.20 (   2.70)     204.93 (   2.66)     13.33 (  40.90)    2.09e-17     2.08e-17   ok
16640 16640    190.98 (   2.90)     202.99 (   2.73)     15.62 (  35.45)    2.08e-17     2.07e-17   ok
16768 16768    199.99 (   2.81)     204.88 (   2.74)     19.36 (  29.05)    2.09e-17     2.09e-17   ok
16896 16896    194.15 (   2.94)     204.45 (   2.79)     19.16 (  29.79)    2.09e-17     2.08e-17   ok
17024 17024    201.83 (   2.87)     205.42 (   2.82)     16.57 (  34.99)    2.05e-17     2.05e-17   ok
17152 17152    203.19 (   2.90)     203.18 (   2.90)     15.51 (  37.95)    2.06e-17     2.06e-17   ok
17280 17280    202.93 (   2.94)     207.80 (   2.87)     16.11 (  37.08)    2.06e-17     2.05e-17   ok
17408 17408    195.21 (   3.10)     206.65 (   2.93)     18.18 (  33.34)    2.08e-17     2.07e-17   ok
17536 17536    203.39 (   3.02)     207.51 (   2.96)     14.41 (  42.67)    2.06e-17     2.06e-17   ok
17664 17664    202.49 (   3.08)     206.24 (   3.03)     21.03 (  29.67)    2.03e-17     2.03e-17   ok
17792 17792    199.93 (   3.17)     205.51 (   3.08)     15.80 (  40.06)    2.04e-17     2.04e-17   ok
17920 17920    199.35 (   3.22)     205.08 (   3.13)     15.99 (  40.16)    2.04e-17     2.03e-17   ok
18048 18048    181.48 (   3.59)     205.46 (   3.17)     16.65 (  39.13)    2.04e-17     2.03e-17   ok
18176 18176    193.66 (   3.41)     209.77 (   3.15)     17.95 (  36.82)    2.03e-17     2.02e-17   ok
18304 18304    192.50 (   3.48)     209.61 (   3.20)     15.70 (  42.70)    2.00e-17     2.00e-17   ok
18432 18432    184.10 (   3.69)     202.97 (   3.35)     16.09 (  42.22)    2.00e-17     2.00e-17   ok
18560 18560    194.73 (   3.54)     211.15 (   3.26)     17.60 (  39.15)    1.99e-17     1.98e-17   ok
18688 18688    195.28 (   3.58)     209.33 (   3.34)     21.55 (  32.41)    1.99e-17     1.99e-17   ok
18816 18816    193.79 (   3.65)     204.54 (   3.46)     18.10 (  39.12)    2.00e-17     1.99e-17   ok
18944 18944    197.86 (   3.63)     209.14 (   3.43)     14.99 (  47.89)    1.97e-17     1.97e-17   ok
19072 19072    197.10 (   3.69)     210.14 (   3.46)     23.35 (  31.16)    1.97e-17     1.97e-17   ok
19200 19200    200.91 (   3.67)     209.64 (   3.52)     17.17 (  42.94)    1.96e-17     1.96e-17   ok
19328 19328    194.01 (   3.85)     209.70 (   3.56)     19.23 (  38.85)    1.94e-17     1.94e-17   ok
19456 19456    197.78 (   3.83)     208.68 (   3.63)     17.99 (  42.08)    1.96e-17     1.96e-17   ok
19584 19584    198.43 (   3.87)     210.17 (   3.65)     17.25 (  44.48)    1.95e-17     1.94e-17   ok
19712 19712    191.14 (   4.07)     205.64 (   3.78)     17.03 (  45.63)    1.93e-17     1.92e-17   ok
19840 19840    202.34 (   3.89)     211.81 (   3.72)     21.63 (  36.39)    1.91e-17     1.91e-17   ok
19968 19968    202.21 (   3.94)     211.59 (   3.77)     23.21 (  34.37)    1.92e-17     1.92e-17   ok
20096 20096    200.04 (   4.04)     208.82 (   3.87)     18.94 (  42.64)    1.91e-17     1.91e-17   ok
20224 20224    201.49 (   4.06)     211.55 (   3.87)     19.00 (  43.05)    1.91e-17     1.91e-17   ok
20352 20352    205.32 (   4.03)     211.82 (   3.91)     24.54 (  33.76)    1.89e-17     1.88e-17   ok
20480 20480    206.99 (   4.05)     210.73 (   3.98)     17.89 (  46.90)    1.91e-17     1.90e-17   ok
