% MAGMA 2.7.0  32-bit magma_int_t, 64-bit pointer.
% Compiled with CUDA support for 8.0
% CUDA runtime 11070, driver 12000. OpenMP threads 16. 
% device 0: NVIDIA A30 MIG 1g.6gb, 1440.0 MHz clock, 5952.0 MiB memory, capability 8.0
% Sun Mar 19 23:53:35 2023
% Usage: /homelocal/jcamar02/magma-2.7.0/build/testing/testing_dgemv [options] [-h|--help]

% trans = No transpose
%   M     N   MAGMA Gflop/s (ms)  cuBLAS Gflop/s (ms)   CPU Gflop/s (ms)  MAGMA error  cuBLAS error
%==================================================================================================
  128   128      0.00 (   0.00)       3.43 (5000.00)      0.00 (   0.00)    8.27e-04     4.05e-02
  256   256      0.00 (   0.00)       6.57 (5000.01)      0.00 (   0.00)    5.03e+24     2.85e-02
  384   384      0.00 (   0.00)      11.41 (5000.00)      0.00 (   0.00)         nan     2.37e-02
  512   512      0.00 (   0.00)      18.59 (5000.01)      0.00 (   0.00)         nan     2.04e-02
  640   640      0.00 (   0.00)      25.46 (5000.01)      0.00 (   0.00)         nan     1.86e-02
  768   768      0.00 (   0.00)      34.51 (5000.03)      0.00 (   0.00)         nan     1.69e-02
  896   896      0.00 (   0.00)      36.58 (5000.02)      0.00 (   0.00)         nan     1.57e-02
 1024  1024      0.00 (   0.00)      32.31 (5000.02)      0.00 (   0.00)         nan     1.46e-02
 1152  1152      0.00 (   0.00)      34.69 (5000.07)      0.00 (   0.00)         nan     1.37e-02
 1280  1280      0.00 (   0.00)      41.66 (5000.06)      0.00 (   0.00)         nan     1.32e-02
 1408  1408      0.00 (   0.00)      38.31 (5000.07)      0.00 (   0.00)    1.55e-05     1.25e-02
 1536  1536      0.00 (   0.00)      39.78 (5000.06)      0.00 (   0.00)         nan     1.19e-02
 1664  1664      0.00 (   0.00)      40.96 (5000.06)      0.00 (   0.00)    4.04e-03     1.15e-02
 1792  1792      0.00 (   0.00)      42.29 (5000.04)      0.00 (   0.00)    1.11e-05     1.11e-02
 1920  1920      0.00 (   0.00)      42.98 (5000.14)      0.00 (   0.00)    7.78e-03     1.07e-02
 2048  2048      0.00 (   0.00)      46.16 (5000.16)      0.00 (   0.00)    9.41e-03     1.02e-02
 2176  2176      0.00 (   0.00)      43.67 (5000.04)      0.00 (   0.00)    8.00e-06     9.99e-03
 2304  2304      0.00 (   0.00)      44.60 (5000.07)      0.00 (   0.00)    7.34e-06     9.75e-03
 2432  2432      0.00 (   0.00)      45.12 (5000.21)      0.00 (   0.00)    1.11e-05     9.50e-03
 2560  2560      0.00 (   0.00)      46.42 (5000.18)      0.00 (   0.00)    7.48e+253     9.27e-03
 2688  2688      0.00 (   0.00)      46.94 (5000.24)      0.00 (   0.00)    1.54e-05     9.03e-03
 2816  2816      0.00 (   0.00)      45.27 (5000.02)      0.00 (   0.00)    2.01e-05     8.83e-03
 2944  2944      0.00 (   0.00)      45.86 (5000.06)      0.00 (   0.00)    2.43e-05     8.63e-03
 3072  3072      0.00 (   0.00)      46.02 (5000.27)      0.00 (   0.00)    2.79e-05     8.41e-03
 3200  3200      0.00 (   0.00)      47.69 (5000.03)      0.00 (   0.00)    3.06e-05     8.29e-03
 3328  3328      0.00 (   0.00)      49.81 (5000.36)      0.00 (   0.00)    3.30e-05     8.13e-03
 3456  3456      0.00 (   0.00)      50.20 (5000.40)      0.00 (   0.00)    3.51e-05     7.96e-03
 3584  3584      0.00 (   0.00)      50.01 (5000.23)      0.00 (   0.00)    3.78e-06     7.83e-03
 3712  3712      0.00 (   0.00)      51.51 (5000.23)      0.00 (   0.00)    3.63e-06     7.70e-03
 3840  3840      0.00 (   0.00)      51.58 (5000.50)      0.00 (   0.00)    5.95e-06     7.54e-03
 3968  3968      0.00 (   0.00)      51.46 (5000.40)      0.00 (   0.00)    5.18e-06     7.41e-03
 4096  4096      0.00 (   0.00)      52.07 (5000.31)      0.00 (   0.00)    8.86e-06     7.31e-03
 4224  4224      0.00 (   0.00)      51.14 (5000.29)      0.00 (   0.00)    7.20e-06     7.19e-03
 4352  4352      0.00 (   0.00)      49.59 (5000.23)      0.00 (   0.00)    1.13e-05     7.09e-03
 4480  4480      0.00 (   0.00)      50.88 (5000.17)      0.00 (   0.00)    8.58e-06     7.00e-03
 4608  4608      0.00 (   0.00)      49.64 (5000.17)      0.00 (   0.00)    1.35e-05     6.91e-03
 4736  4736      0.00 (   0.00)      52.16 (5000.29)      0.00 (   0.00)    9.51e-06     6.81e-03
 4864  4864      0.00 (   0.00)      51.00 (5000.23)      0.00 (   0.00)    1.53e-05     6.70e-03
 4992  4992      0.00 (   0.00)      50.48 (5000.91)      0.00 (   0.00)    9.90e-06     6.63e-03
 5120  5120      0.00 (   0.00)      51.70 (5000.30)      0.00 (   0.00)    1.69e-05     6.52e-03
 5248  5248      0.00 (   0.00)      51.59 (5000.65)      0.00 (   0.00)    2.19e-06     6.45e-03
 5376  5376      0.00 (   0.00)      51.51 (5000.59)      0.00 (   0.00)    5.68e-03     6.42e-03
 5504  5504      0.00 (   0.00)      52.47 (5000.91)      0.00 (   0.00)    3.29e-06     6.32e-03
 5632  5632      0.00 (   0.00)      52.50 (5000.07)      0.00 (   0.00)    4.99e-03     6.24e-03
 5760  5760      0.00 (   0.00)      53.10 (5001.09)      0.00 (   0.00)    4.58e-06     6.19e-03
 5888  5888      0.00 (   0.00)      52.36 (5001.06)      0.00 (   0.00)    4.24e-03     6.11e-03
 6016  6016      0.00 (   0.00)      51.71 (5001.20)      0.00 (   0.00)    5.54e-06     6.05e-03
 6144  6144      0.00 (   0.00)      41.44 (5001.47)      0.00 (   0.00)    3.65e-03     5.98e-03
 6272  6272      0.00 (   0.00)      53.03 (5000.14)      0.00 (   0.00)    6.21e-06     5.90e-03
 6400  6400      0.00 (   0.00)      53.17 (5000.10)      0.00 (   0.00)    3.10e-03     5.85e-03
 6528  6528      0.00 (   0.00)      54.00 (5000.69)      0.00 (   0.00)    6.53e-06     5.80e-03
 6656  6656      0.00 (   0.00)      54.66 (5001.48)      0.00 (   0.00)    2.54e-03     5.73e-03
 6784  6784      0.00 (   0.00)      53.10 (5001.34)      0.00 (   0.00)    6.58e-06     5.70e-03
 6912  6912      0.00 (   0.00)      52.68 (5000.98)      0.00 (   0.00)    2.05e-03     5.66e-03
 7040  7040      0.00 (   0.00)      52.56 (5000.54)      0.00 (   0.00)    6.45e-06     5.56e-03
 7168  7168      0.00 (   0.00)      52.21 (5001.59)      0.00 (   0.00)    1.59e-03     5.54e-03
 7296  7296      0.00 (   0.00)      53.29 (5001.05)      0.00 (   0.00)    6.34e-06     5.49e-03
 7424  7424      0.00 (   0.00)      53.65 (5001.64)      0.00 (   0.00)    1.12e-03     5.43e-03
 7552  7552      0.00 (   0.00)      16.13 (5001.37)      0.00 (   0.00)    6.24e-06     5.40e-03
 7680  7680      0.00 (   0.00)      51.22 (5000.96)      0.00 (   0.00)    4.68e-04     5.34e-03
 7808  7808      0.00 (   0.00)      54.12 (5000.09)      0.00 (   0.00)    6.20e-06     5.29e-03
 7936  7936      0.00 (   0.00)      54.80 (5000.21)      0.00 (   0.00)    1.47e-05     5.26e-03
 8064  8064      0.00 (   0.00)      54.00 (5000.84)      0.00 (   0.00)    6.01e-06     5.23e-03
 8192  8192      0.00 (   0.00)      54.22 (5000.90)      0.00 (   0.00)    1.50e-05     5.16e-03
 8320  8320      0.00 (   0.00)      53.85 (5001.29)      0.00 (   0.00)    5.93e-06     5.15e-03
 8448  8448      0.00 (   0.00)      53.75 (5001.14)      0.00 (   0.00)    1.50e-05     5.09e-03
 8576  8576      0.00 (   0.00)      53.95 (5001.24)      0.00 (   0.00)    5.90e-06     5.06e-03
 8704  8704      0.00 (   0.00)      53.61 (5000.61)      0.00 (   0.00)    1.51e-05     5.03e-03
 8832  8832      0.00 (   0.00)      53.74 (5002.79)      0.00 (   0.00)    5.76e-06     5.00e-03
 8960  8960      0.00 (   0.00)      52.82 (5001.51)      0.00 (   0.00)    1.51e-05     4.96e-03
 9088  9088      0.00 (   0.00)      54.23 (5001.93)      0.00 (   0.00)    5.70e-06     4.91e-03
 9216  9216      0.00 (   0.00)      49.33 (5000.49)      0.00 (   0.00)    1.51e-05     4.87e-03
 9344  9344      0.00 (   0.00)      54.23 (5000.88)      0.00 (   0.00)    5.61e-06     4.85e-03
 9472  9472      0.00 (   0.00)      54.19 (5000.30)      0.00 (   0.00)    1.50e-05     4.82e-03
 9600  9600      0.00 (   0.00)      52.77 (5002.63)      0.00 (   0.00)    5.54e-06     4.79e-03
 9728  9728      0.00 (   0.00)      54.37 (5002.46)      0.00 (   0.00)    1.49e-05     4.74e-03
 9856  9856      0.00 (   0.00)      52.73 (5000.21)      0.00 (   0.00)    5.46e-06     4.73e-03
 9984  9984      0.00 (   0.00)      52.73 (5002.12)      0.00 (   0.00)    1.47e-05     4.68e-03
10112 10112      0.00 (   0.00)      54.29 (5002.89)      0.00 (   0.00)    5.43e-06     4.66e-03
10240 10240      0.00 (   0.00)      54.31 (5000.78)      0.00 (   0.00)    1.44e-05     4.63e-03
