% MAGMA 2.7.0  32-bit magma_int_t, 64-bit pointer.
% Compiled with CUDA support for 8.0
% CUDA runtime 11070, driver 12000. OpenMP threads 16. 
% device 0: NVIDIA A30 MIG 1g.6gb, 1110.0 MHz clock, 5952.0 MiB memory, capability 8.0
% Sun Mar 26 19:11:41 2023
% Usage: /homelocal/jcamar02/magma-2.7.0/build/testing/testing_dgemv [options] [-h|--help]

% trans = No transpose
%   M     N   MAGMA Gflop/s (ms)  cuBLAS Gflop/s (ms)   CPU Gflop/s (ms)  MAGMA error  cuBLAS error
%==================================================================================================
  128   128      0.00 (   0.00)       3.01 (5000.00)      0.00 (   0.00)         nan     4.05e-02
  256   256      0.00 (   0.00)       6.13 (5000.02)      0.00 (   0.00)    2.95e-04     2.85e-02
  384   384      0.00 (   0.00)      10.17 (5000.02)      0.00 (   0.00)         nan     2.37e-02
  512   512      0.00 (   0.00)      16.41 (5000.01)      0.00 (   0.00)         nan     2.04e-02
  640   640      0.00 (   0.00)      22.07 (5000.02)      0.00 (   0.00)         nan     1.86e-02
  768   768      0.00 (   0.00)      29.96 (5000.00)      0.00 (   0.00)         nan     1.69e-02
  896   896      0.00 (   0.00)      34.47 (5000.01)      0.00 (   0.00)         nan     1.57e-02
 1024  1024      0.00 (   0.00)      30.81 (5000.06)      0.00 (   0.00)         nan     1.46e-02
 1152  1152      0.00 (   0.00)      33.53 (5000.01)      0.00 (   0.00)         nan     1.37e-02
 1280  1280      0.00 (   0.00)      40.36 (5000.01)      0.00 (   0.00)         nan     1.32e-02
 1408  1408      0.00 (   0.00)      36.99 (5000.00)      0.00 (   0.00)         nan     1.25e-02
 1536  1536      0.00 (   0.00)      39.20 (5000.00)      0.00 (   0.00)         nan     1.19e-02
 1664  1664      0.00 (   0.00)      40.92 (5000.06)      0.00 (   0.00)         nan     1.15e-02
 1792  1792      0.00 (   0.00)      41.98 (5000.07)      0.00 (   0.00)         nan     1.11e-02
 1920  1920      0.00 (   0.00)      43.19 (5000.13)      0.00 (   0.00)         nan     1.07e-02
 2048  2048      0.00 (   0.00)      45.65 (5000.03)      0.00 (   0.00)         nan     1.02e-02
 2176  2176      0.00 (   0.00)      43.91 (5000.17)      0.00 (   0.00)         nan     9.99e-03
 2304  2304      0.00 (   0.00)      44.92 (5000.20)      0.00 (   0.00)         nan     9.75e-03
 2432  2432      0.00 (   0.00)      45.29 (5000.07)      0.00 (   0.00)    1.97e-03     9.50e-03
 2560  2560      0.00 (   0.00)      46.19 (5000.04)      0.00 (   0.00)    1.86e-03     9.27e-03
 2688  2688      0.00 (   0.00)      46.88 (5000.14)      0.00 (   0.00)    2.45e-03     9.03e-03
 2816  2816      0.00 (   0.00)      44.68 (5000.10)      0.00 (   0.00)    1.66e-03     8.83e-03
 2944  2944      0.00 (   0.00)      45.64 (5000.17)      0.00 (   0.00)    2.11e-03     8.63e-03
 3072  3072      0.00 (   0.00)      45.48 (5000.06)      0.00 (   0.00)    2.36e-03     8.41e-03
 3200  3200      0.00 (   0.00)      47.64 (5000.41)      0.00 (   0.00)    2.48e-03     8.29e-03
 3328  3328      0.00 (   0.00)      49.88 (5000.26)      0.00 (   0.00)    2.55e-03     8.13e-03
 3456  3456      0.00 (   0.00)      49.89 (5000.24)      0.00 (   0.00)    2.58e-03     7.96e-03
 3584  3584      0.00 (   0.00)      49.62 (5000.50)      0.00 (   0.00)    2.60e-03     7.83e-03
 3712  3712      0.00 (   0.00)      51.19 (5000.50)      0.00 (   0.00)    2.59e-03     7.70e-03
 3840  3840      0.00 (   0.00)      51.30 (5000.20)      0.00 (   0.00)    2.55e-03     7.54e-03
 3968  3968      0.00 (   0.00)      50.84 (5000.12)      0.00 (   0.00)    2.52e-03     7.41e-03
 4096  4096      0.00 (   0.00)      51.74 (5000.07)      0.00 (   0.00)    2.50e-03     7.31e-03
 4224  4224      0.00 (   0.00)      51.47 (5000.22)      0.00 (   0.00)    2.46e-03     7.19e-03
 4352  4352      0.00 (   0.00)      49.70 (5000.03)      0.00 (   0.00)    2.40e-03     7.09e-03
 4480  4480      0.00 (   0.00)      50.68 (5000.22)      0.00 (   0.00)         nan     7.00e-03
 4608  4608      0.00 (   0.00)      49.53 (5000.66)      0.00 (   0.00)    6.03e-04     6.91e-03
 4736  4736      0.00 (   0.00)      51.88 (5000.81)      0.00 (   0.00)    5.84e-04     6.81e-03
 4864  4864      0.00 (   0.00)      51.74 (5000.22)      0.00 (   0.00)         nan     6.70e-03
 4992  4992      0.00 (   0.00)      50.92 (5000.03)      0.00 (   0.00)         nan     6.63e-03
 5120  5120      0.00 (   0.00)      52.08 (5000.88)      0.00 (   0.00)         nan     6.52e-03
 5248  5248      0.00 (   0.00)      52.00 (5000.88)      0.00 (   0.00)         nan     6.45e-03
 5376  5376      0.00 (   0.00)      51.24 (5000.74)      0.00 (   0.00)    2.04e-06     6.42e-03
 5504  5504      0.00 (   0.00)      52.26 (5000.87)      0.00 (   0.00)    2.00e-06     6.32e-03
 5632  5632      0.00 (   0.00)      53.10 (5000.48)      0.00 (   0.00)    1.94e-06     6.24e-03
 5760  5760      0.00 (   0.00)      53.64 (5000.72)      0.00 (   0.00)    1.88e-06     6.19e-03
 5888  5888      0.00 (   0.00)      52.91 (5000.07)      0.00 (   0.00)         nan     6.11e-03
 6016  6016      0.00 (   0.00)      52.19 (5000.88)      0.00 (   0.00)    2.99e-06     6.05e-03
 6144  6144      0.00 (   0.00)      41.32 (5001.67)      0.00 (   0.00)         nan     5.98e-03
 6272  6272      0.00 (   0.00)      52.77 (5001.29)      0.00 (   0.00)         nan     5.90e-03
 6400  6400      0.00 (   0.00)      52.87 (5000.55)      0.00 (   0.00)    4.38e-06     5.85e-03
 6528  6528      0.00 (   0.00)      53.97 (5000.28)      0.00 (   0.00)         nan     5.80e-03
 6656  6656      0.00 (   0.00)      54.60 (5000.64)      0.00 (   0.00)         nan     5.73e-03
 6784  6784      0.00 (   0.00)      53.08 (5001.37)      0.00 (   0.00)    5.49e-06     5.70e-03
 6912  6912      0.00 (   0.00)      53.37 (5001.29)      0.00 (   0.00)    6.87e-06     5.66e-03
 7040  7040      0.00 (   0.00)      53.20 (5001.13)      0.00 (   0.00)         nan     5.56e-03
 7168  7168      0.00 (   0.00)      52.34 (5001.04)      0.00 (   0.00)         nan     5.54e-03
 7296  7296      0.00 (   0.00)      53.20 (5000.04)      0.00 (   0.00)         nan     5.49e-03
 7424  7424      0.00 (   0.00)      53.51 (5000.44)      0.00 (   0.00)         nan     5.43e-03
 7552  7552      0.00 (   0.00)      13.20 (5003.59)      0.00 (   0.00)         nan     5.40e-03
 7680  7680      0.00 (   0.00)      51.08 (5000.78)      0.00 (   0.00)         nan     5.34e-03
 7808  7808      0.00 (   0.00)      54.07 (5002.24)      0.00 (   0.00)         nan     5.29e-03
 7936  7936      0.00 (   0.00)      54.67 (5000.71)      0.00 (   0.00)         nan     5.26e-03
 8064  8064      0.00 (   0.00)      53.91 (5001.41)      0.00 (   0.00)         nan     5.23e-03
 8192  8192      0.00 (   0.00)      54.05 (5002.22)      0.00 (   0.00)         nan     5.16e-03
 8320  8320      0.00 (   0.00)      53.69 (5000.42)      0.00 (   0.00)         nan     5.15e-03
 8448  8448      0.00 (   0.00)      53.60 (5001.63)      0.00 (   0.00)         nan     5.09e-03
 8576  8576      0.00 (   0.00)      53.74 (5001.14)      0.00 (   0.00)         nan     5.06e-03
 8704  8704      0.00 (   0.00)      54.02 (5001.93)      0.00 (   0.00)         nan     5.03e-03
 8832  8832      0.00 (   0.00)      53.71 (5002.36)      0.00 (   0.00)         nan     5.00e-03
 8960  8960      0.00 (   0.00)      52.68 (5002.44)      0.00 (   0.00)         nan     4.96e-03
 9088  9088      0.00 (   0.00)      54.08 (5000.46)      0.00 (   0.00)         nan     4.91e-03
 9216  9216      0.00 (   0.00)      49.28 (5001.71)      0.00 (   0.00)         nan     4.87e-03
 9344  9344      0.00 (   0.00)      54.03 (5000.45)      0.00 (   0.00)         nan     4.85e-03
 9472  9472      0.00 (   0.00)      53.89 (5001.36)      0.00 (   0.00)         nan     4.82e-03
 9600  9600      0.00 (   0.00)      53.49 (5000.84)      0.00 (   0.00)         nan     4.79e-03
 9728  9728      0.00 (   0.00)      54.26 (5002.47)      0.00 (   0.00)         nan     4.74e-03
 9856  9856      0.00 (   0.00)      52.56 (5001.73)      0.00 (   0.00)         nan     4.73e-03
 9984  9984      0.00 (   0.00)      53.25 (5002.53)      0.00 (   0.00)         nan     4.68e-03
10112 10112      0.00 (   0.00)      54.17 (5002.45)      0.00 (   0.00)         nan     4.66e-03
10240 10240      0.00 (   0.00)      53.95 (5003.17)      0.00 (   0.00)         nan     4.63e-03
