% MAGMA 2.7.0  32-bit magma_int_t, 64-bit pointer.
% Compiled with CUDA support for 8.0
% CUDA runtime 11070, driver 12000. OpenMP threads 16. 
% device 0: NVIDIA A30 MIG 1g.6gb, 1110.0 MHz clock, 5952.0 MiB memory, capability 8.0
% Sun Mar 26 19:26:03 2023
% Usage: /homelocal/jcamar02/magma-2.7.0/build/testing/testing_dgemv [options] [-h|--help]

% trans = No transpose
%   M     N   MAGMA Gflop/s (ms)  cuBLAS Gflop/s (ms)   CPU Gflop/s (ms)  MAGMA error  cuBLAS error
%==================================================================================================
  128   128      0.00 (   0.00)       3.01 (5000.01)      0.00 (   0.00)    8.27e-04     4.05e-02
  256   256      0.00 (   0.00)       6.07 (5003.94)      0.00 (   0.00)    2.17e-04     2.85e-02
  384   384      0.00 (   0.00)      10.17 (5000.02)      0.00 (   0.00)    1.15e-04     2.37e-02
  512   512      0.00 (   0.00)      16.36 (5000.01)      0.00 (   0.00)    7.01e-05     2.04e-02
  640   640      0.00 (   0.00)      21.88 (5000.03)      0.00 (   0.00)    5.16e-05     1.86e-02
  768   768      0.00 (   0.00)      30.03 (5000.03)      0.00 (   0.00)    4.00e-05     1.69e-02
  896   896      0.00 (   0.00)      34.40 (5000.02)      0.00 (   0.00)    1.20e-02     1.57e-02
 1024  1024      0.00 (   0.00)      30.92 (5000.03)      0.00 (   0.00)    3.84e-05     1.46e-02
 1152  1152      0.00 (   0.00)      33.47 (5000.05)      0.00 (   0.00)    1.59e-03     1.37e-02
 1280  1280      0.00 (   0.00)      40.31 (5000.06)      0.00 (   0.00)    1.78e-05     1.32e-02
 1408  1408      0.00 (   0.00)      36.57 (5000.07)      0.00 (   0.00)    3.33e-05     1.25e-02
 1536  1536      0.00 (   0.00)      38.63 (5000.06)      0.00 (   0.00)    1.47e-05     1.19e-02
 1664  1664      0.00 (   0.00)      40.40 (5000.02)      0.00 (   0.00)    2.76e-05     1.15e-02
 1792  1792      0.00 (   0.00)      41.38 (5000.06)      0.00 (   0.00)    1.39e-05     1.11e-02
 1920  1920      0.00 (   0.00)      43.09 (5000.13)      0.00 (   0.00)    3.60e-03     1.07e-02
 2048  2048      0.00 (   0.00)      45.60 (5000.04)      0.00 (   0.00)    1.07e-05     1.02e-02
 2176  2176      0.00 (   0.00)      43.83 (5000.18)      0.00 (   0.00)    5.05e-03     9.99e-03
 2304  2304      0.00 (   0.00)      44.84 (5000.03)      0.00 (   0.00)    1.04e-05     9.75e-03
 2432  2432      0.00 (   0.00)      45.26 (5000.01)      0.00 (   0.00)    7.06e-03     9.50e-03
 2560  2560      0.00 (   0.00)      46.11 (5000.27)      0.00 (   0.00)    8.79e-03     9.27e-03
 2688  2688      0.00 (   0.00)      46.96 (5000.08)      0.00 (   0.00)    8.57e-03     9.03e-03
 2816  2816      0.00 (   0.00)      44.61 (5000.24)      0.00 (   0.00)    5.40e-06     8.83e-03
 2944  2944      0.00 (   0.00)      44.78 (5000.11)      0.00 (   0.00)    7.12e-03     8.63e-03
 3072  3072      0.00 (   0.00)      45.43 (5000.39)      0.00 (   0.00)    8.11e-06     8.41e-03
 3200  3200      0.00 (   0.00)      47.61 (5000.36)      0.00 (   0.00)    4.81e-03     8.29e-03
 3328  3328      0.00 (   0.00)      49.47 (5000.24)      0.00 (   0.00)    1.12e-05     8.13e-03
 3456  3456      0.00 (   0.00)      49.84 (5000.12)      0.00 (   0.00)    1.48e-05     7.96e-03
 3584  3584      0.00 (   0.00)      49.61 (5000.28)      0.00 (   0.00)    1.81e-05     7.83e-03
 3712  3712      0.00 (   0.00)      50.89 (5000.28)      0.00 (   0.00)    2.11e-05     7.70e-03
 3840  3840      0.00 (   0.00)      50.70 (5000.57)      0.00 (   0.00)    2.36e-05     7.54e-03
 3968  3968      0.00 (   0.00)      50.71 (5000.35)      0.00 (   0.00)    2.59e-05     7.41e-03
 4096  4096      0.00 (   0.00)      51.05 (5000.02)      0.00 (   0.00)    2.82e-05     7.31e-03
 4224  4224      0.00 (   0.00)      51.45 (5000.58)      0.00 (   0.00)    3.00e-05     7.19e-03
 4352  4352      0.00 (   0.00)      49.81 (5000.51)      0.00 (   0.00)    3.14e-05     7.09e-03
 4480  4480      0.00 (   0.00)      50.63 (5000.42)      0.00 (   0.00)    2.71e-06     7.00e-03
 4608  4608      0.00 (   0.00)      49.49 (5000.39)      0.00 (   0.00)    2.63e-06     6.91e-03
 4736  4736      0.00 (   0.00)      51.82 (5000.67)      0.00 (   0.00)    4.43e-06     6.81e-03
 4864  4864      0.00 (   0.00)      51.61 (5000.11)      0.00 (   0.00)    3.96e-06     6.70e-03
 4992  4992      0.00 (   0.00)      50.94 (5000.70)      0.00 (   0.00)    6.61e-06     6.63e-03
 5120  5120      0.00 (   0.00)      52.01 (5000.94)      0.00 (   0.00)    5.57e-06     6.52e-03
 5248  5248      0.00 (   0.00)      51.55 (5000.52)      0.00 (   0.00)    8.72e-06     6.45e-03
 5376  5376      0.00 (   0.00)      51.26 (5001.09)      0.00 (   0.00)    6.72e-06     6.42e-03
 5504  5504      0.00 (   0.00)      52.23 (5000.41)      0.00 (   0.00)    1.03e-05     6.32e-03
 5632  5632      0.00 (   0.00)      52.41 (5000.36)      0.00 (   0.00)    7.84e-06     6.24e-03
 5760  5760      0.00 (   0.00)      53.10 (5000.24)      0.00 (   0.00)    1.19e-05     6.19e-03
 5888  5888      0.00 (   0.00)      52.01 (5000.62)      0.00 (   0.00)    8.37e-06     6.11e-03
 6016  6016      0.00 (   0.00)      52.27 (5000.36)      0.00 (   0.00)    1.32e-05     6.05e-03
 6144  6144      0.00 (   0.00)      41.31 (5000.99)      0.00 (   0.00)    8.78e-06     5.98e-03
 6272  6272      0.00 (   0.00)      52.01 (5000.19)      0.00 (   0.00)    1.45e-05     5.90e-03
 6400  6400      0.00 (   0.00)      51.72 (5000.01)      0.00 (   0.00)    8.98e-06     5.85e-03
 6528  6528      0.00 (   0.00)      53.09 (5000.16)      0.00 (   0.00)    1.55e-05     5.80e-03
 6656  6656      0.00 (   0.00)      54.60 (5000.59)      0.00 (   0.00)    1.51e-06     5.73e-03
 6784  6784      0.00 (   0.00)      53.04 (5000.29)      0.00 (   0.00)    5.32e-03     5.70e-03
 6912  6912      0.00 (   0.00)      53.29 (5001.57)      0.00 (   0.00)    2.34e-06     5.66e-03
 7040  7040      0.00 (   0.00)      53.13 (5000.31)      0.00 (   0.00)    4.74e-03     5.56e-03
 7168  7168      0.00 (   0.00)      52.31 (5000.14)      0.00 (   0.00)    3.37e-06     5.54e-03
 7296  7296      0.00 (   0.00)      53.17 (5000.41)      0.00 (   0.00)    4.20e-03     5.49e-03
 7424  7424      0.00 (   0.00)      52.66 (5001.43)      0.00 (   0.00)    4.30e-06     5.43e-03
 7552  7552      0.00 (   0.00)      13.22 (5004.48)      0.00 (   0.00)    3.71e-03     5.40e-03
 7680  7680      0.00 (   0.00)      51.07 (5001.95)      0.00 (   0.00)    4.94e-06     5.34e-03
 7808  7808      0.00 (   0.00)      54.02 (5002.24)      0.00 (   0.00)    3.29e-03     5.29e-03
 7936  7936      0.00 (   0.00)      54.05 (5002.18)      0.00 (   0.00)    5.43e-06     5.26e-03
 8064  8064      0.00 (   0.00)      53.85 (5002.31)      0.00 (   0.00)    2.85e-03     5.23e-03
 8192  8192      0.00 (   0.00)      54.09 (5000.88)      0.00 (   0.00)    5.78e-06     5.16e-03
 8320  8320      0.00 (   0.00)      53.66 (5000.96)      0.00 (   0.00)    2.47e-03     5.15e-03
 8448  8448      0.00 (   0.00)      52.65 (5002.46)      0.00 (   0.00)    5.87e-06     5.09e-03
 8576  8576      0.00 (   0.00)      53.47 (5002.27)      0.00 (   0.00)    1.03e-06     5.06e-03
 8704  8704      0.00 (   0.00)      54.02 (5001.70)      0.00 (   0.00)    1.97e-03     5.03e-03
 8832  8832      0.00 (   0.00)      53.65 (5002.09)      0.00 (   0.00)    5.27e-06     5.00e-03
 8960  8960      0.00 (   0.00)      51.82 (5001.44)      0.00 (   0.00)    1.47e-06     4.96e-03
 9088  9088      0.00 (   0.00)      54.05 (5000.36)      0.00 (   0.00)    1.48e-03     4.91e-03
 9216  9216      0.00 (   0.00)      49.23 (5000.40)      0.00 (   0.00)    4.76e-06     4.87e-03
 9344  9344      0.00 (   0.00)      53.95 (5001.08)      0.00 (   0.00)    1.92e-06     4.85e-03
 9472  9472      0.00 (   0.00)      53.59 (5003.14)      0.00 (   0.00)    9.61e-04     4.82e-03
 9600  9600      0.00 (   0.00)      53.46 (5003.09)      0.00 (   0.00)    4.31e-06     4.79e-03
 9728  9728      0.00 (   0.00)      54.14 (5002.87)      0.00 (   0.00)    5.26e-04     4.74e-03
 9856  9856      0.00 (   0.00)      51.26 (5000.12)      0.00 (   0.00)    5.65e-05     4.73e-03
 9984  9984      0.00 (   0.00)      52.20 (5003.52)      0.00 (   0.00)    3.97e-06     4.68e-03
10112 10112      0.00 (   0.00)      54.16 (5003.16)      0.00 (   0.00)    5.03e-04     4.66e-03
10240 10240      0.00 (   0.00)      52.68 (5001.00)      0.00 (   0.00)    1.07e-05     4.63e-03
