% MAGMA 2.7.0  32-bit magma_int_t, 64-bit pointer.
% Compiled with CUDA support for 8.0
% CUDA runtime 11070, driver 12000. OpenMP threads 16. 
% device 0: NVIDIA A30 MIG 4g.24gb, 1110.0 MHz clock, 24092.4 MiB memory, capability 8.0
% Thu Apr  6 19:51:09 2023
% Usage: /homelocal/jcamar02/magma-2.7.0/build/testing/testing_dgemv [options] [-h|--help]

% trans = No transpose
%   M     N   MAGMA Gflop/s (ms)  cuBLAS Gflop/s (ms)   CPU Gflop/s (ms)  MAGMA error  cuBLAS error
%==================================================================================================
  128   128      0.00 (   0.00)       2.86 (5000.01)      0.00 (   0.00)    8.27e-04     4.05e-02
  256   256      0.00 (   0.00)       6.26 (5000.01)      0.00 (   0.00)    2.17e-04     2.85e-02
  384   384      0.00 (   0.00)      13.51 (5000.01)      0.00 (   0.00)    1.15e-04     2.37e-02
  512   512      0.00 (   0.00)      23.24 (5000.01)      0.00 (   0.00)    7.01e-05     2.04e-02
  640   640      0.00 (   0.00)      34.45 (5000.02)      0.00 (   0.00)    5.16e-05     1.86e-02
  768   768      0.00 (   0.00)      39.18 (5000.02)      0.00 (   0.00)    4.00e-05     1.69e-02
  896   896      0.00 (   0.00)      51.09 (5000.00)      0.00 (   0.00)    1.20e-02     1.57e-02
 1024  1024      0.00 (   0.00)      62.44 (5000.02)      0.00 (   0.00)    3.84e-05     1.46e-02
 1152  1152      0.00 (   0.00)      76.25 (5000.02)      0.00 (   0.00)    1.59e-03     1.37e-02
 1280  1280      0.00 (   0.00)      88.94 (5000.02)      0.00 (   0.00)    1.78e-05     1.32e-02
 1408  1408      0.00 (   0.00)     101.41 (5000.02)      0.00 (   0.00)    3.33e-05     1.25e-02
 1536  1536      0.00 (   0.00)     119.77 (5000.00)      0.00 (   0.00)    1.43e-05     1.19e-02
 1664  1664      0.00 (   0.00)     109.71 (5000.04)      0.00 (   0.00)    2.17e-05     1.15e-02
 1792  1792      0.00 (   0.00)     123.07 (5000.02)      0.00 (   0.00)    1.09e-05     1.11e-02
 1920  1920      0.00 (   0.00)     133.25 (5000.02)      0.00 (   0.00)    2.61e-05     1.07e-02
 2048  2048      0.00 (   0.00)     138.29 (5000.05)      0.00 (   0.00)    3.33e-03     1.02e-02
 2176  2176      0.00 (   0.00)     144.21 (5000.05)      0.00 (   0.00)    7.95e-06     9.99e-03
 2304  2304      0.00 (   0.00)     149.93 (5000.03)      0.00 (   0.00)    4.71e-03     9.75e-03
 2432  2432      0.00 (   0.00)     135.24 (5000.04)      0.00 (   0.00)    8.39e-03     9.50e-03
 2560  2560      0.00 (   0.00)     157.68 (5000.05)      0.00 (   0.00)    6.35e-06     9.27e-03
 2688  2688      0.00 (   0.00)     155.15 (5000.08)      0.00 (   0.00)    7.30e-03     9.03e-03
 2816  2816      0.00 (   0.00)     175.55 (5000.05)      0.00 (   0.00)         nan     8.83e-03
 2944  2944      0.00 (   0.00)     179.52 (5000.07)      0.00 (   0.00)    4.76e-03     8.63e-03
 3072  3072      0.00 (   0.00)     170.95 (5000.08)      0.00 (   0.00)         nan     8.41e-03
 3200  3200      0.00 (   0.00)     167.21 (5000.00)      0.00 (   0.00)    2.31e-03     8.29e-03
 3328  3328      0.00 (   0.00)     173.30 (5000.08)      0.00 (   0.00)         nan     8.13e-03
 3456  3456      0.00 (   0.00)     177.77 (5000.07)      0.00 (   0.00)         nan     7.96e-03
 3584  3584      0.00 (   0.00)     182.19 (5000.09)      0.00 (   0.00)    7.13e-03     7.83e-03
 3712  3712      0.00 (   0.00)     175.10 (5000.15)      0.00 (   0.00)         nan     7.70e-03
 3840  3840      0.00 (   0.00)     178.02 (5000.10)      0.00 (   0.00)    5.67e-03     7.54e-03
 3968  3968      0.00 (   0.00)     175.03 (5000.05)      0.00 (   0.00)         nan     7.41e-03
 4096  4096      0.00 (   0.00)     184.28 (5000.11)      0.00 (   0.00)    4.52e-03     7.31e-03
 4224  4224      0.00 (   0.00)     188.16 (5000.06)      0.00 (   0.00)         nan     7.19e-03
 4352  4352      0.00 (   0.00)     189.57 (5000.08)      0.00 (   0.00)    3.49e-03     7.09e-03
 4480  4480      0.00 (   0.00)     191.59 (5000.20)      0.00 (   0.00)         nan     7.00e-03
 4608  4608      0.00 (   0.00)     193.38 (5000.07)      0.00 (   0.00)         nan     6.91e-03
 4736  4736      0.00 (   0.00)     191.30 (5000.04)      0.00 (   0.00)         nan     6.81e-03
 4864  4864      0.00 (   0.00)     186.17 (5000.03)      0.00 (   0.00)         nan     6.70e-03
 4992  4992      0.00 (   0.00)     191.82 (5000.07)      0.00 (   0.00)         nan     6.63e-03
 5120  5120      0.00 (   0.00)     194.40 (5000.19)      0.00 (   0.00)         nan     6.52e-03
 5248  5248      0.00 (   0.00)     196.89 (5000.19)      0.00 (   0.00)         nan     6.45e-03
 5376  5376      0.00 (   0.00)     198.48 (5000.05)      0.00 (   0.00)         nan     6.42e-03
 5504  5504      0.00 (   0.00)     196.68 (5000.04)      0.00 (   0.00)         nan     6.32e-03
 5632  5632      0.00 (   0.00)     199.53 (5000.26)      0.00 (   0.00)         nan     6.24e-03
 5760  5760      0.00 (   0.00)     200.20 (5000.07)      0.00 (   0.00)         nan     6.19e-03
 5888  5888      0.00 (   0.00)     201.08 (5000.11)      0.00 (   0.00)         nan     6.11e-03
 6016  6016      0.00 (   0.00)     196.61 (5000.00)      0.00 (   0.00)         nan     6.05e-03
 6144  6144      0.00 (   0.00)     195.70 (5000.19)      0.00 (   0.00)         nan     5.98e-03
 6272  6272      0.00 (   0.00)     198.65 (5000.12)      0.00 (   0.00)         nan     5.90e-03
 6400  6400      0.00 (   0.00)     201.64 (5000.34)      0.00 (   0.00)         nan     5.85e-03
 6528  6528      0.00 (   0.00)     203.72 (5000.28)      0.00 (   0.00)         nan     5.80e-03
 6656  6656      0.00 (   0.00)     198.18 (5000.08)      0.00 (   0.00)         nan     5.73e-03
 6784  6784      0.00 (   0.00)     205.53 (5000.08)      0.00 (   0.00)         nan     5.70e-03
 6912  6912      0.00 (   0.00)     203.45 (5000.18)      0.00 (   0.00)         nan     5.66e-03
 7040  7040      0.00 (   0.00)     204.39 (5000.22)      0.00 (   0.00)         nan     5.56e-03
 7168  7168      0.00 (   0.00)     204.93 (5000.02)      0.00 (   0.00)         nan     5.54e-03
 7296  7296      0.00 (   0.00)     202.81 (5000.28)      0.00 (   0.00)         nan     5.49e-03
 7424  7424      0.00 (   0.00)     202.67 (5000.18)      0.00 (   0.00)         nan     5.43e-03
 7552  7552      0.00 (   0.00)     204.15 (5000.22)      0.00 (   0.00)         nan     5.40e-03
 7680  7680      0.00 (   0.00)     207.86 (5000.02)      0.00 (   0.00)    6.59e-04     5.34e-03
 7808  7808      0.00 (   0.00)     205.83 (5000.25)      0.00 (   0.00)         nan     5.29e-03
 7936  7936      0.00 (   0.00)     206.92 (5000.25)      0.00 (   0.00)    6.19e-04     5.26e-03
 8064  8064      0.00 (   0.00)     208.49 (5000.35)      0.00 (   0.00)         nan     5.23e-03
 8192  8192      0.00 (   0.00)     208.83 (5000.35)      0.00 (   0.00)    5.83e-04     5.16e-03
 8320  8320      0.00 (   0.00)     207.89 (5000.64)      0.00 (   0.00)         nan     5.15e-03
 8448  8448      0.00 (   0.00)     205.07 (5000.29)      0.00 (   0.00)    5.44e-04     5.09e-03
 8576  8576      0.00 (   0.00)     203.61 (5000.64)      0.00 (   0.00)         nan     5.06e-03
 8704  8704      0.00 (   0.00)     207.08 (5000.34)      0.00 (   0.00)    1.01e-03     5.03e-03
 8832  8832      0.00 (   0.00)     207.21 (5000.57)      0.00 (   0.00)         nan     5.00e-03
 8960  8960      0.00 (   0.00)     205.33 (5000.54)      0.00 (   0.00)    1.50e-03     4.96e-03
 9088  9088      0.00 (   0.00)     209.73 (5000.19)      0.00 (   0.00)    5.42e-06     4.91e-03
 9216  9216      0.00 (   0.00)     206.01 (5000.61)      0.00 (   0.00)    1.81e-03     4.87e-03
 9344  9344      0.00 (   0.00)     207.05 (5000.01)      0.00 (   0.00)    5.48e-06     4.85e-03
 9472  9472      0.00 (   0.00)     204.47 (5000.04)      0.00 (   0.00)    2.03e-03     4.82e-03
 9600  9600      0.00 (   0.00)     207.45 (5000.09)      0.00 (   0.00)    5.49e-06     4.79e-03
 9728  9728      0.00 (   0.00)     204.67 (5000.51)      0.00 (   0.00)    2.20e-03     4.74e-03
 9856  9856      0.00 (   0.00)     199.39 (5000.05)      0.00 (   0.00)    5.48e-06     4.73e-03
 9984  9984      0.00 (   0.00)     209.26 (5000.13)      0.00 (   0.00)    2.33e-03     4.68e-03
10112 10112      0.00 (   0.00)     208.85 (5000.23)      0.00 (   0.00)    5.47e-06     4.66e-03
10240 10240      0.00 (   0.00)     207.79 (5000.37)      0.00 (   0.00)    2.42e-03     4.63e-03
10368 10368      0.00 (   0.00)     209.49 (5000.42)      0.00 (   0.00)    5.38e-06     4.60e-03
10496 10496      0.00 (   0.00)     208.19 (5001.04)      0.00 (   0.00)    4.38e-03     4.57e-03
10624 10624      0.00 (   0.00)     203.67 (5000.14)      0.00 (   0.00)    4.49e-03     4.54e-03
10752 10752      0.00 (   0.00)     209.13 (5000.00)      0.00 (   0.00)    7.36e-07     4.53e-03
10880 10880      0.00 (   0.00)     196.49 (5000.68)      0.00 (   0.00)    4.33e-03     4.50e-03
11008 11008      0.00 (   0.00)     210.32 (5000.26)      0.00 (   0.00)    4.41e-03     4.45e-03
11136 11136      0.00 (   0.00)     210.89 (5001.10)      0.00 (   0.00)    6.92e-07     4.44e-03
11264 11264      0.00 (   0.00)     212.45 (5000.24)      0.00 (   0.00)    4.22e-03     4.41e-03
11392 11392      0.00 (   0.00)     210.10 (5000.14)      0.00 (   0.00)    4.32e-03     4.40e-03
11520 11520      0.00 (   0.00)     212.72 (5000.06)      0.00 (   0.00)    6.65e-07     4.37e-03
11648 11648      0.00 (   0.00)     211.64 (5000.74)      0.00 (   0.00)    4.19e-03     4.34e-03
11776 11776      0.00 (   0.00)     212.61 (5000.62)      0.00 (   0.00)    4.26e-03     4.32e-03
11904 11904      0.00 (   0.00)     211.07 (5000.75)      0.00 (   0.00)    6.27e-07     4.29e-03
12032 12032      0.00 (   0.00)     210.86 (5001.27)      0.00 (   0.00)    4.09e-03     4.28e-03
12160 12160      0.00 (   0.00)     211.77 (5001.24)      0.00 (   0.00)    4.26e-03     4.24e-03
12288 12288      0.00 (   0.00)     195.36 (5001.11)      0.00 (   0.00)    5.97e-07     4.23e-03
12416 12416      0.00 (   0.00)     212.38 (5001.45)      0.00 (   0.00)    4.06e-03     4.21e-03
12544 12544      0.00 (   0.00)     213.38 (5000.18)      0.00 (   0.00)    4.16e-03     4.18e-03
12672 12672      0.00 (   0.00)     212.31 (5001.34)      0.00 (   0.00)    5.72e-07     4.17e-03
12800 12800      0.00 (   0.00)     213.40 (5000.11)      0.00 (   0.00)    3.98e-03     4.15e-03
12928 12928      0.00 (   0.00)     207.85 (5000.34)      0.00 (   0.00)    5.55e-07     4.12e-03
13056 13056      0.00 (   0.00)     203.05 (5000.50)      0.00 (   0.00)    3.74e-03     4.11e-03
13184 13184      0.00 (   0.00)     208.84 (5000.77)      0.00 (   0.00)    9.34e-07     4.09e-03
13312 13312      0.00 (   0.00)     206.14 (5000.10)      0.00 (   0.00)    1.50e-06     4.05e-03
13440 13440      0.00 (   0.00)     210.14 (5001.38)      0.00 (   0.00)    2.08e-06     4.04e-03
13568 13568      0.00 (   0.00)     209.45 (5001.55)      0.00 (   0.00)    2.65e-06     4.02e-03
13696 13696      0.00 (   0.00)     209.94 (5000.35)      0.00 (   0.00)    3.24e-06     4.00e-03
13824 13824      0.00 (   0.00)     209.53 (5000.31)      0.00 (   0.00)    3.74e-06     3.99e-03
13952 13952      0.00 (   0.00)     211.42 (5001.82)      0.00 (   0.00)    4.30e-06     3.96e-03
14080 14080      0.00 (   0.00)     208.68 (5001.07)      0.00 (   0.00)    4.80e-06     3.94e-03
14208 14208      0.00 (   0.00)     211.22 (5000.61)      0.00 (   0.00)    5.30e-06     3.93e-03
14336 14336      0.00 (   0.00)     210.37 (5000.45)      0.00 (   0.00)    5.73e-06     3.92e-03
14464 14464      0.00 (   0.00)     211.82 (5001.93)      0.00 (   0.00)    6.22e-06     3.90e-03
14592 14592      0.00 (   0.00)     211.84 (5001.77)      0.00 (   0.00)    6.68e-06     3.88e-03
14720 14720      0.00 (   0.00)     214.02 (5001.63)      0.00 (   0.00)    7.09e-06     3.86e-03
14848 14848      0.00 (   0.00)     213.01 (5001.43)      0.00 (   0.00)    7.49e-06     3.85e-03
14976 14976      0.00 (   0.00)     214.68 (5000.31)      0.00 (   0.00)    7.90e-06     3.83e-03
15104 15104      0.00 (   0.00)     213.62 (5000.37)      0.00 (   0.00)    8.32e-06     3.80e-03
15232 15232      0.00 (   0.00)     214.28 (5000.41)      0.00 (   0.00)    8.73e-06     3.79e-03
15360 15360      0.00 (   0.00)     214.91 (5002.00)      0.00 (   0.00)    9.01e-06     3.79e-03
15488 15488      0.00 (   0.00)     213.44 (5001.63)      0.00 (   0.00)    9.42e-06     3.77e-03
15616 15616      0.00 (   0.00)     212.76 (5002.16)      0.00 (   0.00)    9.68e-06     3.76e-03
15744 15744      0.00 (   0.00)     212.98 (5000.15)      0.00 (   0.00)    1.01e-05     3.74e-03
15872 15872      0.00 (   0.00)     214.22 (5000.57)      0.00 (   0.00)    1.04e-05     3.72e-03
16000 16000      0.00 (   0.00)     211.71 (5001.53)      0.00 (   0.00)    1.07e-05     3.71e-03
16128 16128      0.00 (   0.00)     212.71 (5001.71)      0.00 (   0.00)    1.10e-05     3.69e-03
16256 16256      0.00 (   0.00)     212.04 (5000.38)      0.00 (   0.00)    1.13e-05     3.67e-03
16384 16384      0.00 (   0.00)     213.12 (5000.77)      0.00 (   0.00)    1.16e-05     3.66e-03
16512 16512      0.00 (   0.00)     213.56 (5002.21)      0.00 (   0.00)    1.18e-05     3.65e-03
16640 16640      0.00 (   0.00)     213.54 (5000.20)      0.00 (   0.00)    1.21e-05     3.63e-03
16768 16768      0.00 (   0.00)     213.13 (5000.24)      0.00 (   0.00)    1.23e-05     3.62e-03
16896 16896      0.00 (   0.00)     213.14 (5001.61)      0.00 (   0.00)    1.26e-05     3.60e-03
17024 17024      0.00 (   0.00)     212.01 (5000.86)      0.00 (   0.00)    1.28e-05     3.59e-03
17152 17152      0.00 (   0.00)     214.16 (5000.44)      0.00 (   0.00)    3.63e-07     3.58e-03
17280 17280      0.00 (   0.00)     214.52 (5000.18)      0.00 (   0.00)    4.20e-04     3.56e-03
17408 17408      0.00 (   0.00)     216.00 (5000.52)      0.00 (   0.00)    3.59e-07     3.55e-03
17536 17536      0.00 (   0.00)     214.51 (5000.40)      0.00 (   0.00)    3.48e-03     3.54e-03
17664 17664      0.00 (   0.00)     214.22 (5001.88)      0.00 (   0.00)    4.02e-04     3.52e-03
17792 17792      0.00 (   0.00)     212.48 (5000.02)      0.00 (   0.00)    3.46e-07     3.52e-03
17920 17920      0.00 (   0.00)     213.47 (5000.55)      0.00 (   0.00)    3.45e-03     3.50e-03
18048 18048      0.00 (   0.00)     214.56 (5000.92)      0.00 (   0.00)    3.86e-04     3.49e-03
18176 18176      0.00 (   0.00)     215.15 (5002.99)      0.00 (   0.00)    3.31e-07     3.47e-03
18304 18304      0.00 (   0.00)     215.85 (5001.44)      0.00 (   0.00)    3.41e-03     3.47e-03
18432 18432      0.00 (   0.00)     210.68 (5002.42)      0.00 (   0.00)    3.69e-04     3.45e-03
18560 18560      0.00 (   0.00)     215.68 (5002.56)      0.00 (   0.00)    3.24e-07     3.45e-03
18688 18688      0.00 (   0.00)     215.00 (5000.22)      0.00 (   0.00)    3.38e-03     3.43e-03
18816 18816      0.00 (   0.00)     212.49 (5002.14)      0.00 (   0.00)    3.54e-04     3.41e-03
18944 18944      0.00 (   0.00)     215.32 (5000.47)      0.00 (   0.00)    3.15e-07     3.40e-03
19072 19072      0.00 (   0.00)     214.82 (5001.99)      0.00 (   0.00)    3.35e-03     3.39e-03
19200 19200      0.00 (   0.00)     214.69 (5000.47)      0.00 (   0.00)    3.41e-04     3.37e-03
19328 19328      0.00 (   0.00)     214.46 (5003.05)      0.00 (   0.00)    3.04e-07     3.37e-03
19456 19456      0.00 (   0.00)     213.28 (5001.82)      0.00 (   0.00)    3.31e-03     3.36e-03
19584 19584      0.00 (   0.00)     214.25 (5001.93)      0.00 (   0.00)    3.26e-04     3.34e-03
19712 19712      0.00 (   0.00)     212.42 (5001.24)      0.00 (   0.00)    2.95e-07     3.33e-03
19840 19840      0.00 (   0.00)     215.77 (5002.38)      0.00 (   0.00)    3.27e-03     3.33e-03
19968 19968      0.00 (   0.00)     214.83 (5000.38)      0.00 (   0.00)    3.14e-04     3.32e-03
20096 20096      0.00 (   0.00)     213.52 (5001.09)      0.00 (   0.00)    2.86e-07     3.30e-03
20224 20224      0.00 (   0.00)     215.89 (5001.85)      0.00 (   0.00)    3.25e-03     3.30e-03
20352 20352      0.00 (   0.00)     214.64 (5002.15)      0.00 (   0.00)    3.03e-04     3.29e-03
20480 20480      0.00 (   0.00)     215.51 (5002.09)      0.00 (   0.00)    2.77e-07     3.28e-03
