% MAGMA 2.7.0  32-bit magma_int_t, 64-bit pointer.
% Compiled with CUDA support for 8.0
% CUDA runtime 11070, driver 12000. OpenMP threads 16. 
% device 0: NVIDIA A30 MIG 1c.4g.24gb, 1110.0 MHz clock, 24092.4 MiB memory, capability 8.0
% Thu Apr  6 19:09:35 2023
% Usage: /homelocal/jcamar02/magma-2.7.0/build/testing/testing_dgemv [options] [-h|--help]

% trans = No transpose
%   M     N   MAGMA Gflop/s (ms)  cuBLAS Gflop/s (ms)   CPU Gflop/s (ms)  MAGMA error  cuBLAS error
%==================================================================================================
  128   128      0.00 (   0.00)       2.85 (5000.01)      0.00 (   0.00)         nan     4.05e-02
  256   256      0.00 (   0.00)       5.98 (5000.02)      0.00 (   0.00)    2.12e-04     2.85e-02
  384   384      0.00 (   0.00)      10.00 (5000.03)      0.00 (   0.00)    2.18e+227     2.37e-02
  512   512      0.00 (   0.00)      16.17 (5000.02)      0.00 (   0.00)    3.45e+274     2.04e-02
  640   640      0.00 (   0.00)      22.03 (5000.04)      0.00 (   0.00)    2.61e+298     1.86e-02
  768   768      0.00 (   0.00)      29.91 (5000.03)      0.00 (   0.00)    5.54e-05     1.69e-02
  896   896      0.00 (   0.00)      34.99 (5000.02)      0.00 (   0.00)    1.20e-02     1.57e-02
 1024  1024      0.00 (   0.00)      41.31 (5000.02)      0.00 (   0.00)    5.76e-05     1.46e-02
 1152  1152      0.00 (   0.00)      47.64 (5000.04)      0.00 (   0.00)    1.59e-03     1.37e-02
 1280  1280      0.00 (   0.00)      44.05 (5000.04)      0.00 (   0.00)    2.49e-05     1.32e-02
 1408  1408      0.00 (   0.00)      38.80 (5000.08)      0.00 (   0.00)    4.77e-05     1.25e-02
 1536  1536      0.00 (   0.00)      56.87 (5000.00)      0.00 (   0.00)    2.26e-05     1.19e-02
 1664  1664      0.00 (   0.00)      59.08 (5000.01)      0.00 (   0.00)    1.20e-05     1.15e-02
 1792  1792      0.00 (   0.00)      59.62 (5000.08)      0.00 (   0.00)    1.31e-05     1.11e-02
 1920  1920      0.00 (   0.00)      60.40 (5000.05)      0.00 (   0.00)    5.09e-03     1.07e-02
 2048  2048      0.00 (   0.00)      66.45 (5000.03)      0.00 (   0.00)    1.22e-05     1.02e-02
 2176  2176      0.00 (   0.00)      62.41 (5000.02)      0.00 (   0.00)    6.80e-03     9.99e-03
 2304  2304      0.00 (   0.00)      70.04 (5000.13)      0.00 (   0.00)    8.53e-03     9.75e-03
 2432  2432      0.00 (   0.00)      70.24 (5000.01)      0.00 (   0.00)    6.74e-06     9.50e-03
 2560  2560      0.00 (   0.00)      72.00 (5000.15)      0.00 (   0.00)    7.46e-03     9.27e-03
 2688  2688      0.00 (   0.00)      72.93 (5000.00)      0.00 (   0.00)    5.79e-06     9.03e-03
 2816  2816      0.00 (   0.00)      63.05 (5000.05)      0.00 (   0.00)    4.70e-03     8.83e-03
 2944  2944      0.00 (   0.00)      66.08 (5000.17)      0.00 (   0.00)    8.69e-06     8.63e-03
 3072  3072      0.00 (   0.00)      66.72 (5000.22)      0.00 (   0.00)    1.99e-03     8.41e-03
 3200  3200      0.00 (   0.00)      76.95 (5000.06)      0.00 (   0.00)    1.20e-05     8.29e-03
 3328  3328      0.00 (   0.00)      77.34 (5000.14)      0.00 (   0.00)    4.33e-06     8.13e-03
 3456  3456      0.00 (   0.00)      79.79 (5000.20)      0.00 (   0.00)    4.00e-06     7.96e-03
 3584  3584      0.00 (   0.00)      80.75 (5000.25)      0.00 (   0.00)    6.23e-06     7.83e-03
 3712  3712      0.00 (   0.00)      83.23 (5000.17)      0.00 (   0.00)    6.11e-06     7.70e-03
 3840  3840      0.00 (   0.00)      82.01 (5000.07)      0.00 (   0.00)    8.60e-06     7.54e-03
 3968  3968      0.00 (   0.00)      79.14 (5000.33)      0.00 (   0.00)    3.33e-06     7.41e-03
 4096  4096      0.00 (   0.00)      85.54 (5000.17)      0.00 (   0.00)    1.05e-05     7.31e-03
 4224  4224      0.00 (   0.00)      82.91 (5000.12)      0.00 (   0.00)    4.99e-06     7.19e-03
 4352  4352      0.00 (   0.00)      81.29 (5000.38)      0.00 (   0.00)    2.29e-03     7.09e-03
 4480  4480      0.00 (   0.00)      82.04 (5000.09)      0.00 (   0.00)    6.54e-03     7.00e-03
 4608  4608      0.00 (   0.00)      86.35 (5000.29)      0.00 (   0.00)    2.65e-06     6.91e-03
 4736  4736      0.00 (   0.00)      86.16 (5000.27)      0.00 (   0.00)    1.93e-03     6.81e-03
 4864  4864      0.00 (   0.00)      85.48 (5000.18)      0.00 (   0.00)    6.37e-03     6.70e-03
 4992  4992      0.00 (   0.00)      84.65 (5000.02)      0.00 (   0.00)    2.32e-06     6.63e-03
 5120  5120      0.00 (   0.00)      87.66 (5000.55)      0.00 (   0.00)    2.21e-06     6.52e-03
 5248  5248      0.00 (   0.00)      86.74 (5000.50)      0.00 (   0.00)    6.18e-03     6.45e-03
 5376  5376      0.00 (   0.00)      85.33 (5000.10)      0.00 (   0.00)    2.04e-06     6.42e-03
 5504  5504      0.00 (   0.00)      84.68 (5000.06)      0.00 (   0.00)    5.37e-03     6.32e-03
 5632  5632      0.00 (   0.00)      88.24 (5000.30)      0.00 (   0.00)    3.33e-06     6.24e-03
 5760  5760      0.00 (   0.00)      87.32 (5000.18)      0.00 (   0.00)    4.80e-03     6.19e-03
 5888  5888      0.00 (   0.00)      87.12 (5000.52)      0.00 (   0.00)    4.90e-06     6.11e-03
 6016  6016      0.00 (   0.00)      86.34 (5000.74)      0.00 (   0.00)    4.26e-03     6.05e-03
 6144  6144      0.00 (   0.00)      87.41 (5000.86)      0.00 (   0.00)    1.70e-06     5.98e-03
 6272  6272      0.00 (   0.00)      87.95 (5000.29)      0.00 (   0.00)    3.82e-03     5.90e-03
 6400  6400      0.00 (   0.00)      86.84 (5000.24)      0.00 (   0.00)    2.70e-06     5.85e-03
 6528  6528      0.00 (   0.00)      89.17 (5000.45)      0.00 (   0.00)    3.40e-03     5.80e-03
 6656  6656      0.00 (   0.00)      91.61 (5000.89)      0.00 (   0.00)    3.96e-06     5.73e-03
 6784  6784      0.00 (   0.00)      90.67 (5000.48)      0.00 (   0.00)    3.04e-03     5.70e-03
 6912  6912      0.00 (   0.00)      91.71 (5000.61)      0.00 (   0.00)    5.13e-06     5.66e-03
 7040  7040      0.00 (   0.00)      88.37 (5000.98)      0.00 (   0.00)    2.72e-03     5.56e-03
 7168  7168      0.00 (   0.00)      91.16 (5000.16)      0.00 (   0.00)    6.14e-06     5.54e-03
 7296  7296      0.00 (   0.00)      88.90 (5000.54)      0.00 (   0.00)    2.42e-03     5.49e-03
 7424  7424      0.00 (   0.00)      89.60 (5000.25)      0.00 (   0.00)    7.10e-06     5.43e-03
 7552  7552      0.00 (   0.00)      13.30 (5001.17)      0.00 (   0.00)    2.16e-03     5.40e-03
 7680  7680      0.00 (   0.00)      89.88 (5000.97)      0.00 (   0.00)    7.79e-06     5.34e-03
 7808  7808      0.00 (   0.00)      91.51 (5001.29)      0.00 (   0.00)    1.19e-06     5.29e-03
 7936  7936      0.00 (   0.00)      93.72 (5000.12)      0.00 (   0.00)    8.42e-06     5.26e-03
 8064  8064      0.00 (   0.00)      92.59 (5000.96)      0.00 (   0.00)    1.89e-06     5.23e-03
 8192  8192      0.00 (   0.00)      92.24 (5000.10)      0.00 (   0.00)    8.99e-06     5.16e-03
 8320  8320      0.00 (   0.00)      91.50 (5001.44)      0.00 (   0.00)    2.82e-06     5.15e-03
 8448  8448      0.00 (   0.00)      90.04 (5000.39)      0.00 (   0.00)    9.41e-06     5.09e-03
 8576  8576      0.00 (   0.00)      88.00 (5001.64)      0.00 (   0.00)    3.69e-06     5.06e-03
 8704  8704      0.00 (   0.00)      92.32 (5001.40)      0.00 (   0.00)    9.84e-06     5.03e-03
 8832  8832      0.00 (   0.00)      91.55 (5000.16)      0.00 (   0.00)    4.40e-06     5.00e-03
 8960  8960      0.00 (   0.00)      91.90 (5000.63)      0.00 (   0.00)    1.02e-05     4.96e-03
 9088  9088      0.00 (   0.00)      89.00 (5000.72)      0.00 (   0.00)    5.04e-06     4.91e-03
 9216  9216      0.00 (   0.00)      91.21 (5000.93)      0.00 (   0.00)    1.07e-05     4.87e-03
 9344  9344      0.00 (   0.00)      91.15 (5000.43)      0.00 (   0.00)    5.52e-06     4.85e-03
 9472  9472      0.00 (   0.00)      91.47 (5000.92)      0.00 (   0.00)    1.10e-05     4.82e-03
 9600  9600      0.00 (   0.00)      91.38 (5000.85)      0.00 (   0.00)    5.93e-06     4.79e-03
 9728  9728      0.00 (   0.00)      93.69 (5000.15)      0.00 (   0.00)    1.13e-05     4.74e-03
 9856  9856      0.00 (   0.00)      91.14 (5001.69)      0.00 (   0.00)    6.25e-06     4.73e-03
 9984  9984      0.00 (   0.00)      91.74 (5000.62)      0.00 (   0.00)    1.17e-05     4.68e-03
10112 10112      0.00 (   0.00)      91.66 (5000.26)      0.00 (   0.00)    6.54e-06     4.66e-03
10240 10240      0.00 (   0.00)      92.72 (5001.40)      0.00 (   0.00)    1.19e-05     4.63e-03
10368 10368      0.00 (   0.00)      92.84 (5000.01)      0.00 (   0.00)    6.68e-06     4.60e-03
10496 10496      0.00 (   0.00)      92.28 (5000.41)      0.00 (   0.00)    1.22e-05     4.57e-03
10624 10624      0.00 (   0.00)      89.66 (5000.60)      0.00 (   0.00)    6.81e-06     4.54e-03
10752 10752      0.00 (   0.00)      93.96 (5000.79)      0.00 (   0.00)    1.25e-05     4.53e-03
10880 10880      0.00 (   0.00)      89.71 (5001.18)      0.00 (   0.00)    6.90e-06     4.50e-03
11008 11008      0.00 (   0.00)      92.78 (5002.58)      0.00 (   0.00)    1.28e-05     4.45e-03
11136 11136      0.00 (   0.00)      91.76 (5000.88)      0.00 (   0.00)    6.87e-06     4.44e-03
11264 11264      0.00 (   0.00)      93.09 (5002.70)      0.00 (   0.00)    1.29e-05     4.41e-03
11392 11392      0.00 (   0.00)      90.65 (5002.50)      0.00 (   0.00)    6.82e-06     4.40e-03
11520 11520      0.00 (   0.00)      91.71 (5001.55)      0.00 (   0.00)    1.32e-05     4.37e-03
11648 11648      0.00 (   0.00)      91.67 (5000.09)      0.00 (   0.00)    6.82e-06     4.34e-03
11776 11776      0.00 (   0.00)      94.25 (5000.07)      0.00 (   0.00)    1.34e-05     4.32e-03
11904 11904      0.00 (   0.00)      93.38 (5002.18)      0.00 (   0.00)    6.71e-06     4.29e-03
12032 12032      0.00 (   0.00)      93.58 (5000.32)      0.00 (   0.00)    1.34e-05     4.28e-03
12160 12160      0.00 (   0.00)      91.88 (5002.46)      0.00 (   0.00)    6.11e-07     4.24e-03
12288 12288      0.00 (   0.00)      85.30 (5002.86)      0.00 (   0.00)    4.03e-03     4.23e-03
12416 12416      0.00 (   0.00)      93.56 (5002.53)      0.00 (   0.00)    9.96e-07     4.21e-03
12544 12544      0.00 (   0.00)      92.99 (5002.44)      0.00 (   0.00)    3.80e-03     4.18e-03
12672 12672      0.00 (   0.00)      91.58 (5001.02)      0.00 (   0.00)    1.53e-06     4.17e-03
12800 12800      0.00 (   0.00)      93.90 (5001.14)      0.00 (   0.00)    3.55e-03     4.15e-03
12928 12928      0.00 (   0.00)      92.79 (5000.64)      0.00 (   0.00)    2.03e-06     4.12e-03
13056 13056      0.00 (   0.00)      92.52 (5000.65)      0.00 (   0.00)    3.32e-03     4.11e-03
13184 13184      0.00 (   0.00)      93.00 (5001.74)      0.00 (   0.00)    2.47e-06     4.09e-03
13312 13312      0.00 (   0.00)      93.77 (5000.93)      0.00 (   0.00)    3.13e-03     4.05e-03
13440 13440      0.00 (   0.00)      94.15 (5000.36)      0.00 (   0.00)    2.87e-06     4.04e-03
13568 13568      0.00 (   0.00)      93.14 (5000.83)      0.00 (   0.00)    2.93e-03     4.02e-03
13696 13696      0.00 (   0.00)      93.03 (5001.11)      0.00 (   0.00)    3.22e-06     4.00e-03
13824 13824      0.00 (   0.00)      93.91 (5002.04)      0.00 (   0.00)    2.73e-03     3.99e-03
13952 13952      0.00 (   0.00)      94.63 (5002.93)      0.00 (   0.00)    3.50e-06     3.96e-03
14080 14080      0.00 (   0.00)      94.21 (5000.25)      0.00 (   0.00)    2.57e-03     3.94e-03
14208 14208      0.00 (   0.00)      93.77 (5003.25)      0.00 (   0.00)    3.74e-06     3.93e-03
14336 14336      0.00 (   0.00)      95.44 (5000.66)      0.00 (   0.00)    2.38e-03     3.92e-03
14464 14464      0.00 (   0.00)      94.17 (5003.39)      0.00 (   0.00)    3.93e-06     3.90e-03
14592 14592      0.00 (   0.00)      94.01 (5001.47)      0.00 (   0.00)    2.23e-03     3.88e-03
14720 14720      0.00 (   0.00)      92.28 (5001.57)      0.00 (   0.00)    4.08e-06     3.86e-03
14848 14848      0.00 (   0.00)      95.54 (5003.14)      0.00 (   0.00)    2.07e-03     3.85e-03
14976 14976      0.00 (   0.00)      94.85 (5003.89)      0.00 (   0.00)    4.20e-06     3.83e-03
15104 15104      0.00 (   0.00)      94.79 (5001.31)      0.00 (   0.00)    1.92e-03     3.80e-03
15232 15232      0.00 (   0.00)      93.64 (5000.13)      0.00 (   0.00)    4.31e-06     3.79e-03
15360 15360      0.00 (   0.00)      93.16 (5004.82)      0.00 (   0.00)    4.26e-07     3.79e-03
15488 15488      0.00 (   0.00)      94.48 (5002.04)      0.00 (   0.00)    4.26e-07     3.77e-03
15616 15616      0.00 (   0.00)      93.46 (5004.59)      0.00 (   0.00)    3.97e-06     3.76e-03
15744 15744      0.00 (   0.00)      94.17 (5001.73)      0.00 (   0.00)    6.84e-07     3.74e-03
15872 15872      0.00 (   0.00)      95.56 (5003.88)      0.00 (   0.00)    6.48e-07     3.72e-03
16000 16000      0.00 (   0.00)      95.17 (5003.48)      0.00 (   0.00)    3.82e-06     3.71e-03
16128 16128      0.00 (   0.00)      95.39 (5001.09)      0.00 (   0.00)    1.01e-06     3.69e-03
16256 16256      0.00 (   0.00)      94.24 (5002.58)      0.00 (   0.00)    9.09e-07     3.67e-03
16384 16384      0.00 (   0.00)      95.52 (5002.44)      0.00 (   0.00)    3.64e-06     3.66e-03
16512 16512      0.00 (   0.00)      94.61 (5002.96)      0.00 (   0.00)    1.31e-06     3.65e-03
16640 16640      0.00 (   0.00)      94.90 (5001.46)      0.00 (   0.00)    3.78e-07     3.63e-03
16768 16768      0.00 (   0.00)      94.45 (5001.27)      0.00 (   0.00)    3.51e-06     3.62e-03
16896 16896      0.00 (   0.00)      95.01 (5000.15)      0.00 (   0.00)    1.57e-06     3.60e-03
17024 17024      0.00 (   0.00)      95.48 (5002.46)      0.00 (   0.00)    3.68e-07     3.59e-03
17152 17152      0.00 (   0.00)      94.85 (5006.17)      0.00 (   0.00)    3.45e-06     3.58e-03
17280 17280      0.00 (   0.00)      94.69 (5001.43)      0.00 (   0.00)    1.77e-06     3.56e-03
17408 17408      0.00 (   0.00)      95.61 (5001.87)      0.00 (   0.00)    3.56e-07     3.55e-03
17536 17536      0.00 (   0.00)      94.78 (5003.01)      0.00 (   0.00)    3.48e-06     3.54e-03
17664 17664      0.00 (   0.00)      94.43 (5002.95)      0.00 (   0.00)    1.93e-06     3.52e-03
17792 17792      0.00 (   0.00)      94.67 (5002.32)      0.00 (   0.00)    3.47e-07     3.52e-03
17920 17920      0.00 (   0.00)      95.94 (5000.76)      0.00 (   0.00)    3.54e-06     3.50e-03
18048 18048      0.00 (   0.00)      95.87 (5001.81)      0.00 (   0.00)    2.03e-06     3.49e-03
18176 18176      0.00 (   0.00)      93.96 (5000.16)      0.00 (   0.00)    3.32e-07     3.47e-03
18304 18304      0.00 (   0.00)      94.93 (5004.58)      0.00 (   0.00)    3.63e-06     3.47e-03
18432 18432      0.00 (   0.00)      92.58 (5005.86)      0.00 (   0.00)    2.08e-06     3.45e-03
18560 18560      0.00 (   0.00)      95.27 (5004.39)      0.00 (   0.00)    3.21e-07     3.45e-03
18688 18688      0.00 (   0.00)      95.02 (5006.26)      0.00 (   0.00)    3.76e-06     3.43e-03
18816 18816      0.00 (   0.00)      93.87 (5001.18)      0.00 (   0.00)    3.18e-07     3.41e-03
18944 18944      0.00 (   0.00)      96.30 (5001.58)      0.00 (   0.00)    3.91e-06     3.40e-03
19072 19072      0.00 (   0.00)      94.44 (5007.14)      0.00 (   0.00)    3.11e-07     3.39e-03
19200 19200      0.00 (   0.00)      95.43 (5006.38)      0.00 (   0.00)    4.05e-06     3.37e-03
19328 19328      0.00 (   0.00)      94.76 (5007.13)      0.00 (   0.00)    3.04e-07     3.37e-03
19456 19456      0.00 (   0.00)      96.10 (5002.99)      0.00 (   0.00)    4.15e-06     3.36e-03
19584 19584      0.00 (   0.00)      95.10 (5001.16)      0.00 (   0.00)    2.99e-07     3.34e-03
19712 19712      0.00 (   0.00)      94.72 (5005.07)      0.00 (   0.00)    4.26e-06     3.33e-03
19840 19840      0.00 (   0.00)      94.41 (5003.36)      0.00 (   0.00)    2.93e-07     3.33e-03
19968 19968      0.00 (   0.00)      94.38 (5002.37)      0.00 (   0.00)    4.35e-06     3.32e-03
20096 20096      0.00 (   0.00)      95.30 (5000.81)      0.00 (   0.00)    2.86e-07     3.30e-03
20224 20224      0.00 (   0.00)      95.97 (5003.91)      0.00 (   0.00)    4.44e-06     3.30e-03
20352 20352      0.00 (   0.00)      95.52 (5004.37)      0.00 (   0.00)    2.82e-07     3.29e-03
20480 20480      0.00 (   0.00)      95.07 (5003.46)      0.00 (   0.00)    4.50e-06     3.28e-03
