% MAGMA 2.7.0  32-bit magma_int_t, 64-bit pointer.
% Compiled with CUDA support for 8.0
% CUDA runtime 11070, driver 12000. OpenMP threads 16. 
% device 0: NVIDIA A30 MIG 2c.4g.24gb, 1110.0 MHz clock, 24092.4 MiB memory, capability 8.0
% Thu Apr  6 19:30:21 2023
% Usage: /homelocal/jcamar02/magma-2.7.0/build/testing/testing_dgemv [options] [-h|--help]

% trans = No transpose
%   M     N   MAGMA Gflop/s (ms)  cuBLAS Gflop/s (ms)   CPU Gflop/s (ms)  MAGMA error  cuBLAS error
%==================================================================================================
  128   128      0.00 (   0.00)       3.00 (5000.01)      0.00 (   0.00)         nan     4.05e-02
  256   256      0.00 (   0.00)      11.25 (5000.00)      0.00 (   0.00)         nan     2.85e-02
  384   384      0.00 (   0.00)      13.19 (5000.01)      0.00 (   0.00)         nan     2.37e-02
  512   512      0.00 (   0.00)      21.85 (5000.02)      0.00 (   0.00)         nan     2.04e-02
  640   640      0.00 (   0.00)      31.54 (5000.00)      0.00 (   0.00)    4.97e-05     1.86e-02
  768   768      0.00 (   0.00)      35.24 (5000.03)      0.00 (   0.00)    6.41e-05     1.69e-02
  896   896      0.00 (   0.00)      44.76 (5000.03)      0.00 (   0.00)    2.96e-05     1.57e-02
 1024  1024      0.00 (   0.00)      53.88 (5000.00)      0.00 (   0.00)    2.54e-05     1.46e-02
 1152  1152      0.00 (   0.00)      60.17 (5000.01)      0.00 (   0.00)    3.67e-05     1.37e-02
 1280  1280      0.00 (   0.00)      67.79 (5000.03)      0.00 (   0.00)    1.76e-05     1.32e-02
 1408  1408      0.00 (   0.00)      86.25 (5000.05)      0.00 (   0.00)    8.61e-03     1.25e-02
 1536  1536      0.00 (   0.00)      87.55 (5000.00)      0.00 (   0.00)    1.80e-05     1.19e-02
 1664  1664      0.00 (   0.00)      88.62 (5000.01)      0.00 (   0.00)    3.54e-03     1.15e-02
 1792  1792      0.00 (   0.00)     113.01 (5000.04)      0.00 (   0.00)    1.49e-05     1.11e-02
 1920  1920      0.00 (   0.00)      92.52 (5000.05)      0.00 (   0.00)    3.44e-05     1.07e-02
 2048  2048      0.00 (   0.00)     109.53 (5000.00)      0.00 (   0.00)    1.23e-05     1.02e-02
 2176  2176      0.00 (   0.00)     114.55 (5000.03)      0.00 (   0.00)    7.91e-06     9.99e-03
 2304  2304      0.00 (   0.00)     105.38 (5000.06)      0.00 (   0.00)    2.97e-03     9.75e-03
 2432  2432      0.00 (   0.00)     110.14 (5000.04)      0.00 (   0.00)    8.03e-06     9.50e-03
 2560  2560      0.00 (   0.00)     114.96 (5000.11)      0.00 (   0.00)    4.40e-03     9.27e-03
 2688  2688      0.00 (   0.00)     127.94 (5000.00)      0.00 (   0.00)    8.57e-06     9.03e-03
 2816  2816      0.00 (   0.00)     127.04 (5000.02)      0.00 (   0.00)    5.71e-03     8.83e-03
 2944  2944      0.00 (   0.00)     125.46 (5000.09)      0.00 (   0.00)    7.90e-03     8.63e-03
 3072  3072      0.00 (   0.00)     139.31 (5000.07)      0.00 (   0.00)    4.84e-06     8.41e-03
 3200  3200      0.00 (   0.00)     131.63 (5000.15)      0.00 (   0.00)    6.84e-03     8.29e-03
 3328  3328      0.00 (   0.00)     135.80 (5000.06)      0.00 (   0.00)    7.71e-03     8.13e-03
 3456  3456      0.00 (   0.00)     138.26 (5000.07)      0.00 (   0.00)         nan     7.96e-03
 3584  3584      0.00 (   0.00)     140.48 (5000.01)      0.00 (   0.00)    3.84e-06     7.83e-03
 3712  3712      0.00 (   0.00)     147.55 (5000.17)      0.00 (   0.00)         nan     7.70e-03
 3840  3840      0.00 (   0.00)     151.18 (5000.05)      0.00 (   0.00)    5.44e-06     7.54e-03
 3968  3968      0.00 (   0.00)     137.77 (5000.19)      0.00 (   0.00)         nan     7.41e-03
 4096  4096      0.00 (   0.00)     145.50 (5000.18)      0.00 (   0.00)         nan     7.31e-03
 4224  4224      0.00 (   0.00)     151.10 (5000.16)      0.00 (   0.00)         nan     7.19e-03
 4352  4352      0.00 (   0.00)     151.81 (5000.19)      0.00 (   0.00)         nan     7.09e-03
 4480  4480      0.00 (   0.00)     154.76 (5000.17)      0.00 (   0.00)         nan     7.00e-03
 4608  4608      0.00 (   0.00)     156.68 (5000.09)      0.00 (   0.00)         nan     6.91e-03
 4736  4736      0.00 (   0.00)     149.31 (5000.04)      0.00 (   0.00)         nan     6.81e-03
 4864  4864      0.00 (   0.00)     155.58 (5000.20)      0.00 (   0.00)         nan     6.70e-03
 4992  4992      0.00 (   0.00)     160.11 (5000.13)      0.00 (   0.00)         nan     6.63e-03
 5120  5120      0.00 (   0.00)     158.51 (5000.17)      0.00 (   0.00)         nan     6.52e-03
 5248  5248      0.00 (   0.00)     160.23 (5000.13)      0.00 (   0.00)         nan     6.45e-03
 5376  5376      0.00 (   0.00)     164.69 (5000.30)      0.00 (   0.00)         nan     6.42e-03
 5504  5504      0.00 (   0.00)     156.17 (5000.33)      0.00 (   0.00)         nan     6.32e-03
 5632  5632      0.00 (   0.00)     160.06 (5000.03)      0.00 (   0.00)         nan     6.24e-03
 5760  5760      0.00 (   0.00)     161.57 (5000.17)      0.00 (   0.00)         nan     6.19e-03
 5888  5888      0.00 (   0.00)     162.79 (5000.12)      0.00 (   0.00)         nan     6.11e-03
 6016  6016      0.00 (   0.00)     165.76 (5000.41)      0.00 (   0.00)         nan     6.05e-03
 6144  6144      0.00 (   0.00)     163.03 (5000.23)      0.00 (   0.00)         nan     5.98e-03
 6272  6272      0.00 (   0.00)     158.91 (5000.22)      0.00 (   0.00)         nan     5.90e-03
 6400  6400      0.00 (   0.00)     163.57 (5000.07)      0.00 (   0.00)         nan     5.85e-03
 6528  6528      0.00 (   0.00)     165.28 (5000.07)      0.00 (   0.00)         nan     5.80e-03
 6656  6656      0.00 (   0.00)     164.11 (5000.41)      0.00 (   0.00)         nan     5.73e-03
 6784  6784      0.00 (   0.00)     167.01 (5000.22)      0.00 (   0.00)         nan     5.70e-03
 6912  6912      0.00 (   0.00)     167.75 (5000.27)      0.00 (   0.00)         nan     5.66e-03
 7040  7040      0.00 (   0.00)     164.35 (5000.11)      0.00 (   0.00)         nan     5.56e-03
 7168  7168      0.00 (   0.00)     166.36 (5000.46)      0.00 (   0.00)         nan     5.54e-03
 7296  7296      0.00 (   0.00)     166.82 (5000.34)      0.00 (   0.00)         nan     5.49e-03
 7424  7424      0.00 (   0.00)     168.58 (5000.21)      0.00 (   0.00)         nan     5.43e-03
 7552  7552      0.00 (   0.00)     170.03 (5000.45)      0.00 (   0.00)         nan     5.40e-03
 7680  7680      0.00 (   0.00)     170.37 (5000.57)      0.00 (   0.00)         nan     5.34e-03
 7808  7808      0.00 (   0.00)     163.93 (5000.43)      0.00 (   0.00)         nan     5.29e-03
 7936  7936      0.00 (   0.00)     167.36 (5000.32)      0.00 (   0.00)         nan     5.26e-03
 8064  8064      0.00 (   0.00)     165.78 (5000.16)      0.00 (   0.00)         nan     5.23e-03
 8192  8192      0.00 (   0.00)     171.82 (5000.05)      0.00 (   0.00)         nan     5.16e-03
 8320  8320      0.00 (   0.00)     168.22 (5000.35)      0.00 (   0.00)    2.16e-06     5.15e-03
 8448  8448      0.00 (   0.00)     166.06 (5000.48)      0.00 (   0.00)         nan     5.09e-03
 8576  8576      0.00 (   0.00)     166.43 (5000.36)      0.00 (   0.00)    5.91e-04     5.06e-03
 8704  8704      0.00 (   0.00)     170.84 (5000.10)      0.00 (   0.00)         nan     5.03e-03
 8832  8832      0.00 (   0.00)     172.54 (5000.63)      0.00 (   0.00)    5.75e-04     5.00e-03
 8960  8960      0.00 (   0.00)     173.39 (5000.09)      0.00 (   0.00)         nan     4.96e-03
 9088  9088      0.00 (   0.00)     173.51 (5000.45)      0.00 (   0.00)    5.63e-04     4.91e-03
 9216  9216      0.00 (   0.00)     174.26 (5000.43)      0.00 (   0.00)         nan     4.87e-03
 9344  9344      0.00 (   0.00)     169.56 (5000.41)      0.00 (   0.00)    5.39e-04     4.85e-03
 9472  9472      0.00 (   0.00)     172.49 (5000.23)      0.00 (   0.00)         nan     4.82e-03
 9600  9600      0.00 (   0.00)     174.75 (5000.11)      0.00 (   0.00)    5.29e-04     4.79e-03
 9728  9728      0.00 (   0.00)     174.46 (5000.75)      0.00 (   0.00)         nan     4.74e-03
 9856  9856      0.00 (   0.00)     171.98 (5000.50)      0.00 (   0.00)    5.13e-04     4.73e-03
 9984  9984      0.00 (   0.00)     175.75 (5000.55)      0.00 (   0.00)         nan     4.68e-03
10112 10112      0.00 (   0.00)     172.06 (5000.89)      0.00 (   0.00)    4.58e-03     4.66e-03
10240 10240      0.00 (   0.00)     174.57 (5000.45)      0.00 (   0.00)    1.10e-03     4.63e-03
10368 10368      0.00 (   0.00)     174.23 (5000.30)      0.00 (   0.00)    4.41e-03     4.60e-03
10496 10496      0.00 (   0.00)     174.82 (5000.13)      0.00 (   0.00)    4.52e-03     4.57e-03
10624 10624      0.00 (   0.00)     170.49 (5000.13)      0.00 (   0.00)    1.03e-03     4.54e-03
10752 10752      0.00 (   0.00)     177.11 (5000.44)      0.00 (   0.00)    4.33e-03     4.53e-03
10880 10880      0.00 (   0.00)     164.83 (5000.20)      0.00 (   0.00)    4.46e-03     4.50e-03
11008 11008      0.00 (   0.00)     175.21 (5000.74)      0.00 (   0.00)    9.65e-04     4.45e-03
11136 11136      0.00 (   0.00)     176.83 (5000.73)      0.00 (   0.00)    4.23e-03     4.44e-03
11264 11264      0.00 (   0.00)     177.06 (5000.77)      0.00 (   0.00)    4.34e-03     4.41e-03
11392 11392      0.00 (   0.00)     174.02 (5000.05)      0.00 (   0.00)    8.91e-04     4.40e-03
11520 11520      0.00 (   0.00)     177.55 (5000.77)      0.00 (   0.00)    4.24e-03     4.37e-03
11648 11648      0.00 (   0.00)     173.51 (5000.16)      0.00 (   0.00)    4.30e-03     4.34e-03
11776 11776      0.00 (   0.00)     176.95 (5000.48)      0.00 (   0.00)    8.43e-04     4.32e-03
11904 11904      0.00 (   0.00)     176.96 (5000.44)      0.00 (   0.00)    4.11e-03     4.29e-03
12032 12032      0.00 (   0.00)     178.05 (5000.88)      0.00 (   0.00)    4.19e-03     4.28e-03
12160 12160      0.00 (   0.00)     179.03 (5000.44)      0.00 (   0.00)    7.91e-04     4.24e-03
12288 12288      0.00 (   0.00)     164.06 (5001.55)      0.00 (   0.00)    4.03e-03     4.23e-03
12416 12416      0.00 (   0.00)     175.02 (5001.61)      0.00 (   0.00)    4.16e-03     4.21e-03
12544 12544      0.00 (   0.00)     176.36 (5000.48)      0.00 (   0.00)    5.86e-07     4.18e-03
12672 12672      0.00 (   0.00)     176.85 (5001.69)      0.00 (   0.00)    4.01e-03     4.17e-03
12800 12800      0.00 (   0.00)     178.12 (5000.50)      0.00 (   0.00)    9.78e-07     4.15e-03
12928 12928      0.00 (   0.00)     180.35 (5000.94)      0.00 (   0.00)    3.77e-03     4.12e-03
13056 13056      0.00 (   0.00)     176.35 (5001.50)      0.00 (   0.00)    1.53e-06     4.11e-03
13184 13184      0.00 (   0.00)     173.94 (5000.92)      0.00 (   0.00)    3.53e-03     4.09e-03
13312 13312      0.00 (   0.00)     174.46 (5001.89)      0.00 (   0.00)    2.10e-06     4.05e-03
13440 13440      0.00 (   0.00)     179.44 (5001.48)      0.00 (   0.00)    3.33e-03     4.04e-03
13568 13568      0.00 (   0.00)     179.80 (5001.01)      0.00 (   0.00)    2.63e-06     4.02e-03
13696 13696      0.00 (   0.00)     180.10 (5001.83)      0.00 (   0.00)    3.14e-03     4.00e-03
13824 13824      0.00 (   0.00)     179.12 (5001.96)      0.00 (   0.00)    3.11e-06     3.99e-03
13952 13952      0.00 (   0.00)     177.58 (5001.15)      0.00 (   0.00)    2.94e-03     3.96e-03
14080 14080      0.00 (   0.00)     179.26 (5001.44)      0.00 (   0.00)    3.60e-06     3.94e-03
14208 14208      0.00 (   0.00)     180.53 (5000.93)      0.00 (   0.00)    2.76e-03     3.93e-03
14336 14336      0.00 (   0.00)     181.10 (5000.40)      0.00 (   0.00)    4.01e-06     3.92e-03
14464 14464      0.00 (   0.00)     181.08 (5000.58)      0.00 (   0.00)    2.57e-03     3.90e-03
14592 14592      0.00 (   0.00)     182.08 (5000.85)      0.00 (   0.00)    4.44e-06     3.88e-03
14720 14720      0.00 (   0.00)     178.42 (5001.30)      0.00 (   0.00)    2.41e-03     3.86e-03
14848 14848      0.00 (   0.00)     181.64 (5000.91)      0.00 (   0.00)    4.80e-06     3.85e-03
14976 14976      0.00 (   0.00)     182.07 (5001.52)      0.00 (   0.00)    2.24e-03     3.83e-03
15104 15104      0.00 (   0.00)      18.81 (5020.89)      0.00 (   0.00)    5.18e-06     3.80e-03
15232 15232      0.00 (   0.00)     180.02 (5000.84)      0.00 (   0.00)    2.11e-03     3.79e-03
15360 15360      0.00 (   0.00)     178.59 (5001.86)      0.00 (   0.00)    5.48e-06     3.79e-03
15488 15488      0.00 (   0.00)     177.05 (5002.47)      0.00 (   0.00)    1.95e-03     3.77e-03
15616 15616      0.00 (   0.00)     180.70 (5001.77)      0.00 (   0.00)    5.78e-06     3.76e-03
15744 15744      0.00 (   0.00)     181.83 (5000.58)      0.00 (   0.00)    1.81e-03     3.74e-03
15872 15872      0.00 (   0.00)     180.92 (5001.89)      0.00 (   0.00)    6.13e-06     3.72e-03
16000 16000      0.00 (   0.00)     182.19 (5002.55)      0.00 (   0.00)    1.68e-03     3.71e-03
16128 16128      0.00 (   0.00)     184.39 (5002.64)      0.00 (   0.00)    6.38e-06     3.69e-03
16256 16256      0.00 (   0.00)     179.83 (5002.57)      0.00 (   0.00)    1.54e-03     3.67e-03
16384 16384      0.00 (   0.00)     182.25 (5002.39)      0.00 (   0.00)    3.88e-07     3.66e-03
16512 16512      0.00 (   0.00)     182.90 (5000.09)      0.00 (   0.00)         nan     3.65e-03
16640 16640      0.00 (   0.00)     182.86 (5000.18)      0.00 (   0.00)    6.49e-07     3.63e-03
16768 16768      0.00 (   0.00)     183.18 (5001.07)      0.00 (   0.00)    3.75e-07     3.62e-03
16896 16896      0.00 (   0.00)     183.64 (5002.77)      0.00 (   0.00)    1.03e-06     3.60e-03
17024 17024      0.00 (   0.00)     180.33 (5001.78)      0.00 (   0.00)    6.25e-07     3.59e-03
17152 17152      0.00 (   0.00)     181.13 (5002.83)      0.00 (   0.00)    1.42e-06     3.58e-03
17280 17280      0.00 (   0.00)     182.61 (5000.67)      0.00 (   0.00)    9.85e-07     3.56e-03
17408 17408      0.00 (   0.00)     183.37 (5001.06)      0.00 (   0.00)         nan     3.55e-03
17536 17536      0.00 (   0.00)     181.66 (5000.77)      0.00 (   0.00)    1.78e-06     3.54e-03
17664 17664      0.00 (   0.00)     181.44 (5000.98)      0.00 (   0.00)    8.80e-04     3.52e-03
17792 17792      0.00 (   0.00)     178.00 (5001.08)      0.00 (   0.00)         nan     3.52e-03
17920 17920      0.00 (   0.00)     182.60 (5001.71)      0.00 (   0.00)    2.12e-06     3.50e-03
18048 18048      0.00 (   0.00)     183.94 (5001.24)      0.00 (   0.00)    1.21e-03     3.49e-03
18176 18176      0.00 (   0.00)     180.49 (5000.98)      0.00 (   0.00)    3.43e-03     3.47e-03
18304 18304      0.00 (   0.00)     184.01 (5000.16)      0.00 (   0.00)    1.17e-03     3.47e-03
18432 18432      0.00 (   0.00)     179.70 (5002.76)      0.00 (   0.00)    3.33e-03     3.45e-03
18560 18560      0.00 (   0.00)     181.73 (5000.65)      0.00 (   0.00)    1.14e-03     3.45e-03
18688 18688      0.00 (   0.00)     182.29 (5000.53)      0.00 (   0.00)    3.23e-03     3.43e-03
18816 18816      0.00 (   0.00)     181.61 (5002.64)      0.00 (   0.00)    1.11e-03     3.41e-03
18944 18944      0.00 (   0.00)     183.97 (5001.99)      0.00 (   0.00)    3.13e-03     3.40e-03
19072 19072      0.00 (   0.00)     181.46 (5003.50)      0.00 (   0.00)    1.08e-03     3.39e-03
19200 19200      0.00 (   0.00)     184.71 (5001.63)      0.00 (   0.00)    3.04e-03     3.37e-03
19328 19328      0.00 (   0.00)     181.65 (5001.69)      0.00 (   0.00)    1.05e-03     3.37e-03
19456 19456      0.00 (   0.00)     184.58 (5000.22)      0.00 (   0.00)    2.92e-03     3.36e-03
19584 19584      0.00 (   0.00)     183.69 (5002.95)      0.00 (   0.00)    1.02e-03     3.34e-03
19712 19712      0.00 (   0.00)     181.12 (5003.28)      0.00 (   0.00)    2.83e-03     3.33e-03
19840 19840      0.00 (   0.00)     184.84 (5000.48)      0.00 (   0.00)    9.93e-04     3.33e-03
19968 19968      0.00 (   0.00)     184.00 (5001.66)      0.00 (   0.00)    2.73e-03     3.32e-03
20096 20096      0.00 (   0.00)     181.35 (5001.81)      0.00 (   0.00)    9.69e-04     3.30e-03
20224 20224      0.00 (   0.00)     184.56 (5004.22)      0.00 (   0.00)    2.65e-03     3.30e-03
20352 20352      0.00 (   0.00)     184.89 (5000.49)      0.00 (   0.00)    9.47e-04     3.29e-03
20480 20480      0.00 (   0.00)     179.95 (5002.25)      0.00 (   0.00)    2.55e-03     3.28e-03
