% MAGMA 2.7.0  32-bit magma_int_t, 64-bit pointer.
% Compiled with CUDA support for 8.0
% CUDA runtime 11070, driver 12000. OpenMP threads 16. 
% device 0: NVIDIA A30 MIG 1c.2g.12gb, 1110.0 MHz clock, 11968.0 MiB memory, capability 8.0
% Thu Apr  6 18:08:02 2023
% Usage: /homelocal/jcamar02/magma-2.7.0/build/testing/testing_dgemv [options] [-h|--help]

% trans = No transpose
%   M     N   MAGMA Gflop/s (ms)  cuBLAS Gflop/s (ms)   CPU Gflop/s (ms)  MAGMA error  cuBLAS error
%==================================================================================================
  128   128      0.00 (   0.00)       2.91 (5000.00)      0.00 (   0.00)         nan     4.05e-02
  256   256      0.00 (   0.00)       6.02 (5000.01)      0.00 (   0.00)    2.17e-04     2.85e-02
  384   384      0.00 (   0.00)      10.09 (5000.02)      0.00 (   0.00)    1.16e-04     2.37e-02
  512   512      0.00 (   0.00)      16.36 (5000.00)      0.00 (   0.00)    7.16e-05     2.04e-02
  640   640      0.00 (   0.00)      22.05 (5000.02)      0.00 (   0.00)    4.93e-05     1.86e-02
  768   768      0.00 (   0.00)      30.22 (5000.03)      0.00 (   0.00)    3.86e-05     1.69e-02
  896   896      0.00 (   0.00)      35.10 (5000.03)      0.00 (   0.00)    5.07e-05     1.57e-02
 1024  1024      0.00 (   0.00)      41.39 (5000.00)      0.00 (   0.00)    2.50e-05     1.46e-02
 1152  1152      0.00 (   0.00)      47.18 (5000.03)      0.00 (   0.00)    2.10e-05     1.37e-02
 1280  1280      0.00 (   0.00)      44.04 (5000.01)      0.00 (   0.00)    1.72e-05     1.32e-02
 1408  1408      0.00 (   0.00)      38.62 (5000.06)      0.00 (   0.00)    2.72e-05     1.25e-02
 1536  1536      0.00 (   0.00)      54.23 (5000.08)      0.00 (   0.00)    1.81e-05     1.19e-02
 1664  1664      0.00 (   0.00)      57.14 (5000.07)      0.00 (   0.00)    1.18e-05     1.15e-02
 1792  1792      0.00 (   0.00)      58.11 (5000.02)      0.00 (   0.00)    7.83e-03     1.11e-02
 1920  1920      0.00 (   0.00)      59.53 (5000.09)      0.00 (   0.00)    9.32e-03     1.07e-02
 2048  2048      0.00 (   0.00)      65.19 (5000.07)      0.00 (   0.00)    1.03e-05     1.02e-02
 2176  2176      0.00 (   0.00)      62.37 (5000.13)      0.00 (   0.00)    7.93e-03     9.99e-03
 2304  2304      0.00 (   0.00)      66.67 (5000.06)      0.00 (   0.00)         nan     9.75e-03
 2432  2432      0.00 (   0.00)      67.61 (5000.00)      0.00 (   0.00)    5.06e-03     9.50e-03
 2560  2560      0.00 (   0.00)      69.83 (5000.03)      0.00 (   0.00)         nan     9.27e-03
 2688  2688      0.00 (   0.00)      71.05 (5000.15)      0.00 (   0.00)    2.97e-03     9.03e-03
 2816  2816      0.00 (   0.00)      62.69 (5000.19)      0.00 (   0.00)         nan     8.83e-03
 2944  2944      0.00 (   0.00)      65.06 (5000.12)      0.00 (   0.00)         nan     8.63e-03
 3072  3072      0.00 (   0.00)      65.08 (5000.10)      0.00 (   0.00)    7.75e-03     8.41e-03
 3200  3200      0.00 (   0.00)      72.92 (5000.23)      0.00 (   0.00)         nan     8.29e-03
 3328  3328      0.00 (   0.00)      77.68 (5000.10)      0.00 (   0.00)    6.22e-03     8.13e-03
 3456  3456      0.00 (   0.00)      80.19 (5000.11)      0.00 (   0.00)         nan     7.96e-03
 3584  3584      0.00 (   0.00)      80.11 (5000.26)      0.00 (   0.00)    5.10e-03     7.83e-03
 3712  3712      0.00 (   0.00)      81.66 (5000.21)      0.00 (   0.00)         nan     7.70e-03
 3840  3840      0.00 (   0.00)      83.22 (5000.03)      0.00 (   0.00)    1.29e-03     7.54e-03
 3968  3968      0.00 (   0.00)      79.67 (5000.27)      0.00 (   0.00)         nan     7.41e-03
 4096  4096      0.00 (   0.00)      84.74 (5000.28)      0.00 (   0.00)    2.07e-03     7.31e-03
 4224  4224      0.00 (   0.00)      80.29 (5000.22)      0.00 (   0.00)         nan     7.19e-03
 4352  4352      0.00 (   0.00)      81.71 (5000.18)      0.00 (   0.00)         nan     7.09e-03
 4480  4480      0.00 (   0.00)      78.65 (5000.43)      0.00 (   0.00)    2.78e-06     7.00e-03
 4608  4608      0.00 (   0.00)      86.05 (5000.50)      0.00 (   0.00)    6.24e-03     6.91e-03
 4736  4736      0.00 (   0.00)      84.06 (5000.33)      0.00 (   0.00)    6.62e-03     6.81e-03
 4864  4864      0.00 (   0.00)      84.76 (5000.43)      0.00 (   0.00)    2.39e-06     6.70e-03
 4992  4992      0.00 (   0.00)      82.19 (5000.41)      0.00 (   0.00)    2.28e-06     6.63e-03
 5120  5120      0.00 (   0.00)      87.95 (5000.18)      0.00 (   0.00)    3.77e-06     6.52e-03
 5248  5248      0.00 (   0.00)      86.65 (5000.24)      0.00 (   0.00)    3.53e-06     6.45e-03
 5376  5376      0.00 (   0.00)      84.40 (5000.41)      0.00 (   0.00)    5.52e-06     6.42e-03
 5504  5504      0.00 (   0.00)      84.08 (5000.45)      0.00 (   0.00)    5.01e-06     6.32e-03
 5632  5632      0.00 (   0.00)      77.23 (5000.82)      0.00 (   0.00)    7.35e-06     6.24e-03
 5760  5760      0.00 (   0.00)      88.12 (5000.06)      0.00 (   0.00)    6.25e-06     6.19e-03
 5888  5888      0.00 (   0.00)      84.36 (5000.31)      0.00 (   0.00)    8.70e-06     6.11e-03
 6016  6016      0.00 (   0.00)      85.66 (5000.21)      0.00 (   0.00)    7.16e-06     6.05e-03
 6144  6144      0.00 (   0.00)      82.06 (5000.39)      0.00 (   0.00)    1.00e-05     5.98e-03
 6272  6272      0.00 (   0.00)      87.85 (5000.69)      0.00 (   0.00)    1.15e-05     5.90e-03
 6400  6400      0.00 (   0.00)      87.83 (5000.17)      0.00 (   0.00)    1.30e-05     5.85e-03
 6528  6528      0.00 (   0.00)      90.52 (5000.59)      0.00 (   0.00)    1.42e-05     5.80e-03
 6656  6656      0.00 (   0.00)      92.28 (5000.29)      0.00 (   0.00)    1.53e-05     5.73e-03
 6784  6784      0.00 (   0.00)      90.57 (5000.01)      0.00 (   0.00)    1.65e-05     5.70e-03
 6912  6912      0.00 (   0.00)      91.50 (5000.98)      0.00 (   0.00)    1.74e-05     5.66e-03
 7040  7040      0.00 (   0.00)      86.06 (5000.68)      0.00 (   0.00)    1.86e-05     5.56e-03
 7168  7168      0.00 (   0.00)      92.00 (5000.02)      0.00 (   0.00)    1.94e-05     5.54e-03
 7296  7296      0.00 (   0.00)      85.23 (5000.89)      0.00 (   0.00)    2.04e-05     5.49e-03
 7424  7424      0.00 (   0.00)      87.90 (5000.47)      0.00 (   0.00)    2.13e-05     5.43e-03
 7552  7552      0.00 (   0.00)      13.31 (5004.85)      0.00 (   0.00)    2.19e-05     5.40e-03
 7680  7680      0.00 (   0.00)      92.18 (5000.41)      0.00 (   0.00)    2.25e-05     5.34e-03
 7808  7808      0.00 (   0.00)      91.51 (5000.03)      0.00 (   0.00)    2.34e-05     5.29e-03
 7936  7936      0.00 (   0.00)      93.47 (5000.18)      0.00 (   0.00)    2.38e-05     5.26e-03
 8064  8064      0.00 (   0.00)      92.91 (5000.51)      0.00 (   0.00)    2.42e-05     5.23e-03
 8192  8192      0.00 (   0.00)      92.41 (5001.17)      0.00 (   0.00)    2.50e-05     5.16e-03
 8320  8320      0.00 (   0.00)      90.68 (5000.40)      0.00 (   0.00)    2.52e-05     5.15e-03
 8448  8448      0.00 (   0.00)      87.36 (5000.05)      0.00 (   0.00)    2.57e-05     5.09e-03
 8576  8576      0.00 (   0.00)      88.76 (5000.40)      0.00 (   0.00)    1.04e-06     5.06e-03
 8704  8704      0.00 (   0.00)      92.46 (5000.35)      0.00 (   0.00)    1.01e-06     5.03e-03
 8832  8832      0.00 (   0.00)      91.07 (5001.08)      0.00 (   0.00)    1.71e-06     5.00e-03
 8960  8960      0.00 (   0.00)      89.67 (5000.16)      0.00 (   0.00)    1.59e-06     4.96e-03
 9088  9088      0.00 (   0.00)      90.70 (5001.76)      0.00 (   0.00)    2.68e-06     4.91e-03
 9216  9216      0.00 (   0.00)      89.99 (5001.07)      0.00 (   0.00)    2.42e-06     4.87e-03
 9344  9344      0.00 (   0.00)      91.60 (5000.59)      0.00 (   0.00)    8.98e-07     4.85e-03
 9472  9472      0.00 (   0.00)      90.08 (5000.42)      0.00 (   0.00)    3.16e-06     4.82e-03
 9600  9600      0.00 (   0.00)      90.82 (5001.18)      0.00 (   0.00)    1.44e-06     4.79e-03
 9728  9728      0.00 (   0.00)      93.19 (5000.84)      0.00 (   0.00)    3.90e-06     4.74e-03
 9856  9856      0.00 (   0.00)      90.49 (5000.85)      0.00 (   0.00)    2.14e-06     4.73e-03
 9984  9984      0.00 (   0.00)      91.25 (5001.64)      0.00 (   0.00)    4.59e-06     4.68e-03
10112 10112      0.00 (   0.00)      90.61 (5002.02)      0.00 (   0.00)    2.82e-06     4.66e-03
10240 10240      0.00 (   0.00)      93.64 (5001.42)      0.00 (   0.00)    5.20e-06     4.63e-03
10368 10368      0.00 (   0.00)      91.39 (5001.93)      0.00 (   0.00)    3.36e-06     4.60e-03
10496 10496      0.00 (   0.00)      92.05 (5000.52)      0.00 (   0.00)    5.82e-06     4.57e-03
10624 10624      0.00 (   0.00)      91.03 (5002.07)      0.00 (   0.00)    3.83e-06     4.54e-03
10752 10752      0.00 (   0.00)      92.95 (5000.11)      0.00 (   0.00)    6.40e-06     4.53e-03
10880 10880      0.00 (   0.00)      92.75 (5000.91)      0.00 (   0.00)    4.22e-06     4.50e-03
11008 11008      0.00 (   0.00)      92.67 (5000.84)      0.00 (   0.00)    6.95e-06     4.45e-03
11136 11136      0.00 (   0.00)      91.16 (5001.15)      0.00 (   0.00)    4.47e-06     4.44e-03
11264 11264      0.00 (   0.00)      83.43 (5000.46)      0.00 (   0.00)    7.40e-06     4.41e-03
11392 11392      0.00 (   0.00)      92.52 (5002.64)      0.00 (   0.00)    4.66e-06     4.40e-03
11520 11520      0.00 (   0.00)      92.25 (5000.85)      0.00 (   0.00)    7.91e-06     4.37e-03
11648 11648      0.00 (   0.00)      89.50 (5002.79)      0.00 (   0.00)    4.87e-06     4.34e-03
11776 11776      0.00 (   0.00)      92.70 (5002.70)      0.00 (   0.00)    8.37e-06     4.32e-03
11904 11904      0.00 (   0.00)      92.81 (5002.17)      0.00 (   0.00)    4.91e-06     4.29e-03
12032 12032      0.00 (   0.00)      93.50 (5001.53)      0.00 (   0.00)    8.69e-06     4.28e-03
12160 12160      0.00 (   0.00)      92.33 (5000.05)      0.00 (   0.00)    4.95e-06     4.24e-03
12288 12288      0.00 (   0.00)      73.90 (5002.41)      0.00 (   0.00)    9.08e-06     4.23e-03
12416 12416      0.00 (   0.00)      93.71 (5001.33)      0.00 (   0.00)    4.88e-06     4.21e-03
12544 12544      0.00 (   0.00)      92.93 (5002.21)      0.00 (   0.00)    9.45e-06     4.18e-03
12672 12672      0.00 (   0.00)      91.27 (5000.66)      0.00 (   0.00)    4.87e-06     4.17e-03
12800 12800      0.00 (   0.00)      94.87 (5001.77)      0.00 (   0.00)    9.70e-06     4.15e-03
12928 12928      0.00 (   0.00)      93.80 (5003.49)      0.00 (   0.00)    4.82e-06     4.12e-03
13056 13056      0.00 (   0.00)      93.42 (5000.15)      0.00 (   0.00)    9.95e-06     4.11e-03
13184 13184      0.00 (   0.00)      92.97 (5003.28)      0.00 (   0.00)    4.76e-06     4.09e-03
13312 13312      0.00 (   0.00)      94.83 (5001.02)      0.00 (   0.00)    1.02e-05     4.05e-03
13440 13440      0.00 (   0.00)      93.80 (5003.57)      0.00 (   0.00)    4.74e-06     4.04e-03
13568 13568      0.00 (   0.00)      93.22 (5000.70)      0.00 (   0.00)    1.04e-05     4.02e-03
13696 13696      0.00 (   0.00)      91.51 (5001.95)      0.00 (   0.00)    4.72e-06     4.00e-03
13824 13824      0.00 (   0.00)      92.14 (5002.72)      0.00 (   0.00)    1.06e-05     3.99e-03
13952 13952      0.00 (   0.00)      94.60 (5000.80)      0.00 (   0.00)    4.66e-06     3.96e-03
14080 14080      0.00 (   0.00)      92.70 (5000.57)      0.00 (   0.00)    1.08e-05     3.94e-03
14208 14208      0.00 (   0.00)      92.91 (5001.77)      0.00 (   0.00)    4.61e-06     3.93e-03
14336 14336      0.00 (   0.00)      95.22 (5003.70)      0.00 (   0.00)    1.09e-05     3.92e-03
14464 14464      0.00 (   0.00)      93.89 (5000.32)      0.00 (   0.00)    4.56e-06     3.90e-03
14592 14592      0.00 (   0.00)      92.37 (5002.70)      0.00 (   0.00)    1.10e-05     3.88e-03
14720 14720      0.00 (   0.00)      93.15 (5001.57)      0.00 (   0.00)    4.52e-06     3.86e-03
14848 14848      0.00 (   0.00)      94.39 (5003.13)      0.00 (   0.00)    1.11e-05     3.85e-03
14976 14976      0.00 (   0.00)      94.11 (5000.02)      0.00 (   0.00)    4.48e-06     3.83e-03
15104 15104      0.00 (   0.00)      94.42 (5001.75)      0.00 (   0.00)    1.12e-05     3.80e-03
15232 15232      0.00 (   0.00)      92.65 (5003.57)      0.00 (   0.00)    4.47e-06     3.79e-03
15360 15360      0.00 (   0.00)      92.31 (5004.71)      0.00 (   0.00)    1.12e-05     3.79e-03
15488 15488      0.00 (   0.00)      93.88 (5003.36)      0.00 (   0.00)    4.41e-06     3.77e-03
15616 15616      0.00 (   0.00)      94.17 (5003.24)      0.00 (   0.00)    1.12e-05     3.76e-03
15744 15744      0.00 (   0.00)      90.64 (5004.86)      0.00 (   0.00)    4.37e-06     3.74e-03
15872 15872      0.00 (   0.00)      95.31 (5001.44)      0.00 (   0.00)    1.13e-05     3.72e-03
16000 16000      0.00 (   0.00)      95.11 (5001.50)      0.00 (   0.00)    4.35e-06     3.71e-03
16128 16128      0.00 (   0.00)      94.88 (5000.62)      0.00 (   0.00)    1.12e-05     3.69e-03
16256 16256      0.00 (   0.00)      94.49 (5000.95)      0.00 (   0.00)    4.31e-06     3.67e-03
16384 16384      0.00 (   0.00)      95.29 (5003.22)      0.00 (   0.00)    1.12e-05     3.66e-03
16512 16512      0.00 (   0.00)      95.55 (5005.45)      0.00 (   0.00)    4.26e-06     3.65e-03
16640 16640      0.00 (   0.00)      94.67 (5001.62)      0.00 (   0.00)    1.12e-05     3.63e-03
16768 16768      0.00 (   0.00)      93.44 (5001.36)      0.00 (   0.00)    4.23e-06     3.62e-03
16896 16896      0.00 (   0.00)      90.83 (5003.61)      0.00 (   0.00)    1.12e-05     3.60e-03
17024 17024      0.00 (   0.00)      94.86 (5004.81)      0.00 (   0.00)    4.21e-06     3.59e-03
17152 17152      0.00 (   0.00)      94.56 (5002.94)      0.00 (   0.00)    1.11e-05     3.58e-03
17280 17280      0.00 (   0.00)      94.50 (5005.51)      0.00 (   0.00)    4.19e-06     3.56e-03
17408 17408      0.00 (   0.00)      94.91 (5000.61)      0.00 (   0.00)    1.11e-05     3.55e-03
17536 17536      0.00 (   0.00)      95.57 (5000.43)      0.00 (   0.00)    4.17e-06     3.54e-03
17664 17664      0.00 (   0.00)      92.75 (5006.04)      0.00 (   0.00)    1.11e-05     3.52e-03
17792 17792      0.00 (   0.00)      94.41 (5002.94)      0.00 (   0.00)    4.14e-06     3.52e-03
17920 17920      0.00 (   0.00)      95.15 (5001.70)      0.00 (   0.00)    1.10e-05     3.50e-03
18048 18048      0.00 (   0.00)      95.57 (5003.56)      0.00 (   0.00)    4.12e-06     3.49e-03
18176 18176      0.00 (   0.00)      95.45 (5005.17)      0.00 (   0.00)    1.09e-05     3.47e-03
18304 18304      0.00 (   0.00)      93.60 (5004.11)      0.00 (   0.00)    4.07e-06     3.47e-03
18432 18432      0.00 (   0.00)      86.79 (5002.86)      0.00 (   0.00)    1.08e-05     3.45e-03
18560 18560      0.00 (   0.00)      94.68 (5006.67)      0.00 (   0.00)    4.04e-06     3.45e-03
18688 18688      0.00 (   0.00)      93.79 (5004.71)      0.00 (   0.00)    3.20e-07     3.43e-03
18816 18816      0.00 (   0.00)      94.78 (5005.57)      0.00 (   0.00)    3.90e-06     3.41e-03
18944 18944      0.00 (   0.00)      94.60 (5000.09)      0.00 (   0.00)    5.27e-07     3.40e-03
19072 19072      0.00 (   0.00)      94.76 (5005.64)      0.00 (   0.00)    3.89e-06     3.39e-03
19200 19200      0.00 (   0.00)      95.54 (5000.85)      0.00 (   0.00)    8.22e-07     3.37e-03
19328 19328      0.00 (   0.00)      94.13 (5000.72)      0.00 (   0.00)    3.88e-06     3.37e-03
19456 19456      0.00 (   0.00)      96.25 (5002.61)      0.00 (   0.00)    1.10e-06     3.36e-03
19584 19584      0.00 (   0.00)      95.58 (5000.22)      0.00 (   0.00)    3.87e-06     3.34e-03
19712 19712      0.00 (   0.00)      93.80 (5004.28)      0.00 (   0.00)    1.37e-06     3.33e-03
19840 19840      0.00 (   0.00)      95.14 (5006.43)      0.00 (   0.00)    3.88e-06     3.33e-03
19968 19968      0.00 (   0.00)      94.32 (5005.34)      0.00 (   0.00)    1.61e-06     3.32e-03
20096 20096      0.00 (   0.00)      95.41 (5003.53)      0.00 (   0.00)    3.92e-06     3.30e-03
20224 20224      0.00 (   0.00)      95.55 (5000.03)      0.00 (   0.00)    1.83e-06     3.30e-03
20352 20352      0.00 (   0.00)      94.31 (5007.02)      0.00 (   0.00)    3.99e-06     3.29e-03
20480 20480      0.00 (   0.00)      96.89 (5004.35)      0.00 (   0.00)    2.02e-06     3.28e-03
