% MAGMA 2.7.0  32-bit magma_int_t, 64-bit pointer.
% Compiled with CUDA support for 8.0
% CUDA runtime 11070, driver 12000. OpenMP threads 16. 
% device 0: NVIDIA A30 MIG 2g.12gb, 1440.0 MHz clock, 11968.0 MiB memory, capability 8.0
% Sun Mar 19 21:08:32 2023
% Usage: /homelocal/jcamar02/magma-2.7.0/build/testing/testing_dgemv [options] [-h|--help]

% trans = No transpose
%   M     N   MAGMA Gflop/s (ms)  cuBLAS Gflop/s (ms)   CPU Gflop/s (ms)  MAGMA error  cuBLAS error
%==================================================================================================
  128   128      0.00 (   0.00)       3.48 (5005.76)      0.00 (   0.00)         nan     4.05e-02
  256   256      0.00 (   0.00)      13.24 (5000.01)      0.00 (   0.00)    2.17e-04     2.85e-02
  384   384      0.00 (   0.00)      14.54 (5000.01)      0.00 (   0.00)    1.12e-04     2.37e-02
  512   512      0.00 (   0.00)      24.18 (5000.00)      0.00 (   0.00)    6.97e-05     2.04e-02
  640   640      0.00 (   0.00)      35.42 (5000.02)      0.00 (   0.00)    4.85e-05     1.86e-02
  768   768      0.00 (   0.00)      40.60 (5000.01)      0.00 (   0.00)    6.71e-05     1.69e-02
  896   896      0.00 (   0.00)      51.96 (5000.03)      0.00 (   0.00)    3.10e-05     1.57e-02
 1024  1024      0.00 (   0.00)      62.66 (5000.00)      0.00 (   0.00)    2.48e-05     1.46e-02
 1152  1152      0.00 (   0.00)      71.00 (5000.05)      0.00 (   0.00)    3.67e-05     1.37e-02
 1280  1280      0.00 (   0.00)      79.69 (5000.03)      0.00 (   0.00)    2.16e-05     1.32e-02
 1408  1408      0.00 (   0.00)      72.79 (5000.00)      0.00 (   0.00)    3.72e-05     1.25e-02
 1536  1536      0.00 (   0.00)      74.16 (5000.05)      0.00 (   0.00)    1.51e-05     1.19e-02
 1664  1664      0.00 (   0.00)      74.03 (5000.06)      0.00 (   0.00)    1.18e-05     1.15e-02
 1792  1792      0.00 (   0.00)      81.09 (5000.08)      0.00 (   0.00)    2.31e-05     1.11e-02
 1920  1920      0.00 (   0.00)      74.95 (5000.04)      0.00 (   0.00)    9.81e-06     1.07e-02
 2048  2048      0.00 (   0.00)      84.35 (5000.07)      0.00 (   0.00)    8.57e-06     1.02e-02
 2176  2176      0.00 (   0.00)      86.22 (5000.10)      0.00 (   0.00)    4.50e-03     9.99e-03
 2304  2304      0.00 (   0.00)      81.21 (5000.05)      0.00 (   0.00)    1.06e-05     9.75e-03
 2432  2432      0.00 (   0.00)      83.33 (5000.06)      0.00 (   0.00)    6.06e-03     9.50e-03
 2560  2560      0.00 (   0.00)      85.95 (5000.08)      0.00 (   0.00)    8.44e-03     9.27e-03
 2688  2688      0.00 (   0.00)      92.00 (5000.06)      0.00 (   0.00)    5.83e-06     9.03e-03
 2816  2816      0.00 (   0.00)      90.35 (5000.07)      0.00 (   0.00)    7.23e-03     8.83e-03
 2944  2944      0.00 (   0.00)      92.59 (5000.06)      0.00 (   0.00)         nan     8.63e-03
 3072  3072      0.00 (   0.00)      93.11 (5000.01)      0.00 (   0.00)    4.82e-03     8.41e-03
 3200  3200      0.00 (   0.00)      94.10 (5000.11)      0.00 (   0.00)         nan     8.29e-03
 3328  3328      0.00 (   0.00)      96.25 (5000.06)      0.00 (   0.00)    2.57e-03     8.13e-03
 3456  3456      0.00 (   0.00)      97.40 (5000.04)      0.00 (   0.00)         nan     7.96e-03
 3584  3584      0.00 (   0.00)      98.12 (5000.04)      0.00 (   0.00)         nan     7.83e-03
 3712  3712      0.00 (   0.00)      98.13 (5000.10)      0.00 (   0.00)         nan     7.70e-03
 3840  3840      0.00 (   0.00)      98.71 (5000.17)      0.00 (   0.00)    3.69e-06     7.54e-03
 3968  3968      0.00 (   0.00)      98.87 (5000.25)      0.00 (   0.00)         nan     7.41e-03
 4096  4096      0.00 (   0.00)     100.09 (5000.32)      0.00 (   0.00)         nan     7.31e-03
 4224  4224      0.00 (   0.00)      99.81 (5000.23)      0.00 (   0.00)         nan     7.19e-03
 4352  4352      0.00 (   0.00)     100.70 (5000.14)      0.00 (   0.00)         nan     7.09e-03
 4480  4480      0.00 (   0.00)      99.99 (5000.15)      0.00 (   0.00)    2.72e-06     7.00e-03
 4608  4608      0.00 (   0.00)     102.41 (5000.25)      0.00 (   0.00)         nan     6.91e-03
 4736  4736      0.00 (   0.00)     101.38 (5000.41)      0.00 (   0.00)    4.33e-06     6.81e-03
 4864  4864      0.00 (   0.00)     101.79 (5000.38)      0.00 (   0.00)    2.35e-03     6.70e-03
 4992  4992      0.00 (   0.00)     102.75 (5000.47)      0.00 (   0.00)    9.99e-04     6.63e-03
 5120  5120      0.00 (   0.00)     103.56 (5000.47)      0.00 (   0.00)    2.12e-03     6.52e-03
 5248  5248      0.00 (   0.00)     104.12 (5000.50)      0.00 (   0.00)    6.10e-03     6.45e-03
 5376  5376      0.00 (   0.00)     103.04 (5000.45)      0.00 (   0.00)    2.07e-06     6.42e-03
 5504  5504      0.00 (   0.00)     102.07 (5000.36)      0.00 (   0.00)    1.99e-06     6.32e-03
 5632  5632      0.00 (   0.00)     100.71 (5000.42)      0.00 (   0.00)    6.03e-03     6.24e-03
 5760  5760      0.00 (   0.00)     104.60 (5000.30)      0.00 (   0.00)    1.88e-06     6.19e-03
 5888  5888      0.00 (   0.00)     103.72 (5000.35)      0.00 (   0.00)    1.82e-06     6.11e-03
 6016  6016      0.00 (   0.00)     103.50 (5000.04)      0.00 (   0.00)    5.80e-03     6.05e-03
 6144  6144      0.00 (   0.00)      96.26 (5000.79)      0.00 (   0.00)    1.73e-06     5.98e-03
 6272  6272      0.00 (   0.00)     104.12 (5000.22)      0.00 (   0.00)    1.64e-06     5.90e-03
 6400  6400      0.00 (   0.00)     103.46 (5000.40)      0.00 (   0.00)    5.64e-03     5.85e-03
 6528  6528      0.00 (   0.00)     104.92 (5000.50)      0.00 (   0.00)    1.55e-06     5.80e-03
 6656  6656      0.00 (   0.00)     103.50 (5000.32)      0.00 (   0.00)    7.15e+21     5.73e-03
 6784  6784      0.00 (   0.00)     104.98 (5000.13)      0.00 (   0.00)    5.48e-03     5.70e-03
 6912  6912      0.00 (   0.00)     105.63 (5000.42)      0.00 (   0.00)    1.43e-06     5.66e-03
 7040  7040      0.00 (   0.00)     104.92 (5000.11)      0.00 (   0.00)    2.44e-06     5.56e-03
 7168  7168      0.00 (   0.00)     104.28 (5000.62)      0.00 (   0.00)    3.78e-06     5.54e-03
 7296  7296      0.00 (   0.00)     104.87 (5000.64)      0.00 (   0.00)    5.19e-06     5.49e-03
 7424  7424      0.00 (   0.00)     106.00 (5000.40)      0.00 (   0.00)    6.55e-06     5.43e-03
 7552  7552      0.00 (   0.00)     106.19 (5000.76)      0.00 (   0.00)    7.77e-06     5.40e-03
 7680  7680      0.00 (   0.00)     106.23 (5000.08)      0.00 (   0.00)    8.95e-06     5.34e-03
 7808  7808      0.00 (   0.00)     104.56 (5000.04)      0.00 (   0.00)    1.02e-05     5.29e-03
 7936  7936      0.00 (   0.00)     106.18 (5000.64)      0.00 (   0.00)    1.12e-05     5.26e-03
 8064  8064      0.00 (   0.00)     106.31 (5000.38)      0.00 (   0.00)    1.20e-05     5.23e-03
 8192  8192      0.00 (   0.00)     107.01 (5001.13)      0.00 (   0.00)    1.31e-05     5.16e-03
 8320  8320      0.00 (   0.00)     106.34 (5001.01)      0.00 (   0.00)    1.38e-05     5.15e-03
 8448  8448      0.00 (   0.00)     105.40 (5000.50)      0.00 (   0.00)    1.47e-05     5.09e-03
 8576  8576      0.00 (   0.00)     106.34 (5001.04)      0.00 (   0.00)    1.55e-05     5.06e-03
 8704  8704      0.00 (   0.00)     106.94 (5000.73)      0.00 (   0.00)    1.62e-05     5.03e-03
 8832  8832      0.00 (   0.00)     106.61 (5001.02)      0.00 (   0.00)    1.69e-05     5.00e-03
 8960  8960      0.00 (   0.00)     106.36 (5000.64)      0.00 (   0.00)    1.75e-05     4.96e-03
 9088  9088      0.00 (   0.00)     107.04 (5000.39)      0.00 (   0.00)    1.82e-05     4.91e-03
 9216  9216      0.00 (   0.00)     104.86 (5001.33)      0.00 (   0.00)    1.88e-05     4.87e-03
 9344  9344      0.00 (   0.00)     106.68 (5001.31)      0.00 (   0.00)    1.93e-05     4.85e-03
 9472  9472      0.00 (   0.00)     106.96 (5001.66)      0.00 (   0.00)    1.98e-05     4.82e-03
 9600  9600      0.00 (   0.00)     107.00 (5001.21)      0.00 (   0.00)    2.03e-05     4.79e-03
 9728  9728      0.00 (   0.00)     107.22 (5001.18)      0.00 (   0.00)    2.08e-05     4.74e-03
 9856  9856      0.00 (   0.00)     107.02 (5001.73)      0.00 (   0.00)    2.11e-05     4.73e-03
 9984  9984      0.00 (   0.00)     107.74 (5000.30)      0.00 (   0.00)    2.16e-05     4.68e-03
10112 10112      0.00 (   0.00)     106.90 (5001.07)      0.00 (   0.00)    2.21e-05     4.66e-03
10240 10240      0.00 (   0.00)     107.43 (5001.88)      0.00 (   0.00)    7.77e-07     4.63e-03
