% MAGMA 2.7.0  32-bit magma_int_t, 64-bit pointer.
% Compiled with CUDA support for 8.0
% CUDA runtime 11070, driver 12000. OpenMP threads 16. 
% device 0: NVIDIA A30 MIG 1g.6gb, 1440.0 MHz clock, 5952.0 MiB memory, capability 8.0
% Sun Mar 19 19:13:38 2023
% Usage: /homelocal/jcamar02/magma-2.7.0/build/testing/testing_dgemv [options] [-h|--help]

% trans = No transpose
%   M     N   MAGMA Gflop/s (ms)  cuBLAS Gflop/s (ms)   CPU Gflop/s (ms)  MAGMA error  cuBLAS error
%==================================================================================================
  128   128      0.00 (   0.00)       3.44 (5001.69)      0.00 (   0.00)    8.27e-04     4.05e-02
  256   256      0.00 (   0.00)       6.58 (5000.01)      0.00 (   0.00)    2.95e-04     2.85e-02
  384   384      0.00 (   0.00)      11.46 (5000.03)      0.00 (   0.00)    1.49e-04     2.37e-02
  512   512      0.00 (   0.00)      18.66 (5000.02)      0.00 (   0.00)    6.83e-05     2.04e-02
  640   640      0.00 (   0.00)      25.74 (5000.03)      0.00 (   0.00)    4.78e-05     1.86e-02
  768   768      0.00 (   0.00)      34.97 (5000.03)      0.00 (   0.00)    3.94e-05     1.69e-02
  896   896      0.00 (   0.00)      40.22 (5000.01)      0.00 (   0.00)    2.96e-05     1.57e-02
 1024  1024      0.00 (   0.00)      32.50 (5000.01)      0.00 (   0.00)    4.12e-05     1.46e-02
 1152  1152      0.00 (   0.00)      35.18 (5000.02)      0.00 (   0.00)    2.65e-05     1.37e-02
 1280  1280      0.00 (   0.00)      42.37 (5000.04)      0.00 (   0.00)    3.95e-05     1.32e-02
 1408  1408      0.00 (   0.00)      39.36 (5000.01)      0.00 (   0.00)    1.66e-05     1.25e-02
 1536  1536      0.00 (   0.00)      40.23 (5000.01)      0.00 (   0.00)    3.07e-05     1.19e-02
 1664  1664      0.00 (   0.00)      41.94 (5000.08)      0.00 (   0.00)    1.46e-05     1.15e-02
 1792  1792      0.00 (   0.00)      42.84 (5000.09)      0.00 (   0.00)    2.79e-05     1.11e-02
 1920  1920      0.00 (   0.00)      44.15 (5000.07)      0.00 (   0.00)    1.27e-05     1.07e-02
 2048  2048      0.00 (   0.00)      46.87 (5000.17)      0.00 (   0.00)    2.59e-05     1.02e-02
 2176  2176      0.00 (   0.00)      44.51 (5000.21)      0.00 (   0.00)    1.09e-05     9.99e-03
 2304  2304      0.00 (   0.00)      45.70 (5000.08)      0.00 (   0.00)    2.42e-05     9.75e-03
 2432  2432      0.00 (   0.00)      46.21 (5000.16)      0.00 (   0.00)    9.54e-06     9.50e-03
 2560  2560      0.00 (   0.00)      46.72 (5000.09)      0.00 (   0.00)    2.25e-05     9.27e-03
 2688  2688      0.00 (   0.00)      47.53 (5000.15)      0.00 (   0.00)    8.96e-06     9.03e-03
 2816  2816      0.00 (   0.00)      45.80 (5000.15)      0.00 (   0.00)    2.19e-05     8.83e-03
 2944  2944      0.00 (   0.00)      46.60 (5000.35)      0.00 (   0.00)    8.59e-06     8.63e-03
 3072  3072      0.00 (   0.00)      46.48 (5000.37)      0.00 (   0.00)    2.07e-05     8.41e-03
 3200  3200      0.00 (   0.00)      47.98 (5000.31)      0.00 (   0.00)    8.15e-06     8.29e-03
 3328  3328      0.00 (   0.00)      50.71 (5000.21)      0.00 (   0.00)    1.98e-05     8.13e-03
 3456  3456      0.00 (   0.00)      50.27 (5000.18)      0.00 (   0.00)    7.59e-06     7.96e-03
 3584  3584      0.00 (   0.00)      50.22 (5000.42)      0.00 (   0.00)    1.92e-05     7.83e-03
 3712  3712      0.00 (   0.00)      51.84 (5000.17)      0.00 (   0.00)    7.02e-06     7.70e-03
 3840  3840      0.00 (   0.00)      51.79 (5000.22)      0.00 (   0.00)    1.86e-05     7.54e-03
 3968  3968      0.00 (   0.00)      51.71 (5000.04)      0.00 (   0.00)    6.78e-06     7.41e-03
 4096  4096      0.00 (   0.00)      52.35 (5000.44)      0.00 (   0.00)    1.82e-05     7.31e-03
 4224  4224      0.00 (   0.00)      52.06 (5000.54)      0.00 (   0.00)    6.77e-06     7.19e-03
 4352  4352      0.00 (   0.00)      50.18 (5000.37)      0.00 (   0.00)    1.74e-05     7.09e-03
 4480  4480      0.00 (   0.00)      51.23 (5000.45)      0.00 (   0.00)    6.57e-06     7.00e-03
 4608  4608      0.00 (   0.00)      50.08 (5000.29)      0.00 (   0.00)    1.70e-05     6.91e-03
 4736  4736      0.00 (   0.00)      52.42 (5000.36)      0.00 (   0.00)    6.36e-06     6.81e-03
 4864  4864      0.00 (   0.00)      52.34 (5000.04)      0.00 (   0.00)    1.67e-05     6.70e-03
 4992  4992      0.00 (   0.00)      51.49 (5000.70)      0.00 (   0.00)    6.08e-06     6.63e-03
 5120  5120      0.00 (   0.00)      52.47 (5000.98)      0.00 (   0.00)    1.62e-05     6.52e-03
 5248  5248      0.00 (   0.00)      52.34 (5000.81)      0.00 (   0.00)    5.99e-06     6.45e-03
 5376  5376      0.00 (   0.00)      51.84 (5000.04)      0.00 (   0.00)    1.56e-05     6.42e-03
 5504  5504      0.00 (   0.00)      52.75 (5000.57)      0.00 (   0.00)    5.81e-06     6.32e-03
 5632  5632      0.00 (   0.00)      53.37 (5000.54)      0.00 (   0.00)    1.56e-05     6.24e-03
 5760  5760      0.00 (   0.00)      54.04 (5000.82)      0.00 (   0.00)    5.68e-06     6.19e-03
 5888  5888      0.00 (   0.00)      53.17 (5000.23)      0.00 (   0.00)    1.51e-05     6.11e-03
 6016  6016      0.00 (   0.00)      52.66 (5000.21)      0.00 (   0.00)    5.53e-06     6.05e-03
 6144  6144      0.00 (   0.00)      41.44 (5001.59)      0.00 (   0.00)    1.49e-05     5.98e-03
 6272  6272      0.00 (   0.00)      53.26 (5001.40)      0.00 (   0.00)    5.39e-06     5.90e-03
 6400  6400      0.00 (   0.00)      53.37 (5000.46)      0.00 (   0.00)    1.47e-05     5.85e-03
 6528  6528      0.00 (   0.00)      54.17 (5001.17)      0.00 (   0.00)    5.27e-06     5.80e-03
 6656  6656      0.00 (   0.00)      54.80 (5000.43)      0.00 (   0.00)    1.42e-05     5.73e-03
 6784  6784      0.00 (   0.00)      53.27 (5001.17)      0.00 (   0.00)    5.20e-06     5.70e-03
 6912  6912      0.00 (   0.00)      53.60 (5001.27)      0.00 (   0.00)    1.38e-05     5.66e-03
 7040  7040      0.00 (   0.00)      53.58 (5001.50)      0.00 (   0.00)    5.15e-06     5.56e-03
 7168  7168      0.00 (   0.00)      52.54 (5001.88)      0.00 (   0.00)    1.36e-05     5.54e-03
 7296  7296      0.00 (   0.00)      53.45 (5001.95)      0.00 (   0.00)    5.08e-06     5.49e-03
 7424  7424      0.00 (   0.00)      53.80 (5001.87)      0.00 (   0.00)    1.36e-05     5.43e-03
 7552  7552      0.00 (   0.00)      16.15 (5001.14)      0.00 (   0.00)    4.97e-06     5.40e-03
 7680  7680      0.00 (   0.00)      51.21 (5001.71)      0.00 (   0.00)    1.32e-05     5.34e-03
 7808  7808      0.00 (   0.00)      54.40 (5000.88)      0.00 (   0.00)    4.94e-06     5.29e-03
 7936  7936      0.00 (   0.00)      54.90 (5002.10)      0.00 (   0.00)    1.31e-05     5.26e-03
 8064  8064      0.00 (   0.00)      54.13 (5000.46)      0.00 (   0.00)    4.81e-06     5.23e-03
 8192  8192      0.00 (   0.00)      54.36 (5000.57)      0.00 (   0.00)    1.29e-05     5.16e-03
 8320  8320      0.00 (   0.00)      54.01 (5001.70)      0.00 (   0.00)    4.73e-06     5.15e-03
 8448  8448      0.00 (   0.00)      53.86 (5001.54)      0.00 (   0.00)    1.27e-05     5.09e-03
 8576  8576      0.00 (   0.00)      53.97 (5001.46)      0.00 (   0.00)    4.70e-06     5.06e-03
 8704  8704      0.00 (   0.00)      53.91 (5001.00)      0.00 (   0.00)    1.25e-05     5.03e-03
 8832  8832      0.00 (   0.00)      54.01 (5000.50)      0.00 (   0.00)    4.58e-06     5.00e-03
 8960  8960      0.00 (   0.00)      53.13 (5002.22)      0.00 (   0.00)    1.23e-05     4.96e-03
 9088  9088      0.00 (   0.00)      54.32 (5000.26)      0.00 (   0.00)    4.54e-06     4.91e-03
 9216  9216      0.00 (   0.00)      49.39 (5001.54)      0.00 (   0.00)    1.22e-05     4.87e-03
 9344  9344      0.00 (   0.00)      54.32 (5003.01)      0.00 (   0.00)    4.47e-06     4.85e-03
 9472  9472      0.00 (   0.00)      54.26 (5001.16)      0.00 (   0.00)    1.20e-05     4.82e-03
 9600  9600      0.00 (   0.00)      53.74 (5001.53)      0.00 (   0.00)    4.42e-06     4.79e-03
 9728  9728      0.00 (   0.00)      54.53 (5002.44)      0.00 (   0.00)    1.19e-05     4.74e-03
 9856  9856      0.00 (   0.00)      52.47 (5003.35)      0.00 (   0.00)    4.34e-06     4.73e-03
 9984  9984      0.00 (   0.00)      53.65 (5002.53)      0.00 (   0.00)    1.18e-05     4.68e-03
10112 10112      0.00 (   0.00)      53.87 (5000.45)      0.00 (   0.00)    4.31e-06     4.66e-03
10240 10240      0.00 (   0.00)      54.35 (5001.55)      0.00 (   0.00)    1.15e-05     4.63e-03
