% MAGMA 2.7.0  32-bit magma_int_t, 64-bit pointer.
% Compiled with CUDA support for 8.0
% CUDA runtime 11070, driver 12000. OpenMP threads 16. 
% device 0: NVIDIA A30 MIG 1c.4g.24gb, 1110.0 MHz clock, 24092.4 MiB memory, capability 8.0
% Thu Apr  6 18:28:46 2023
% Usage: /homelocal/jcamar02/magma-2.7.0/build/testing/testing_dgemv [options] [-h|--help]

% trans = No transpose
%   M     N   MAGMA Gflop/s (ms)  cuBLAS Gflop/s (ms)   CPU Gflop/s (ms)  MAGMA error  cuBLAS error
%==================================================================================================
  128   128      0.00 (   0.00)       2.86 (5000.01)      0.00 (   0.00)    8.27e-04     4.05e-02
  256   256      0.00 (   0.00)       5.97 (5000.01)      0.00 (   0.00)         nan     2.85e-02
  384   384      0.00 (   0.00)       9.96 (5000.02)      0.00 (   0.00)         nan     2.37e-02
  512   512      0.00 (   0.00)      16.12 (5000.02)      0.00 (   0.00)    7.05e-05     2.04e-02
  640   640      0.00 (   0.00)      21.83 (5000.03)      0.00 (   0.00)    4.94e-05     1.86e-02
  768   768      0.00 (   0.00)      29.75 (5000.02)      0.00 (   0.00)    3.78e-05     1.69e-02
  896   896      0.00 (   0.00)      34.75 (5000.04)      0.00 (   0.00)    5.21e-05     1.57e-02
 1024  1024      0.00 (   0.00)      41.12 (5000.04)      0.00 (   0.00)    2.59e-05     1.46e-02
 1152  1152      0.00 (   0.00)      47.32 (5000.00)      0.00 (   0.00)    2.09e-05     1.37e-02
 1280  1280      0.00 (   0.00)      44.09 (5000.04)      0.00 (   0.00)    1.73e-05     1.32e-02
 1408  1408      0.00 (   0.00)      38.74 (5000.00)      0.00 (   0.00)    2.66e-05     1.25e-02
 1536  1536      0.00 (   0.00)      56.44 (5000.06)      0.00 (   0.00)    1.80e-05     1.19e-02
 1664  1664      0.00 (   0.00)      58.55 (5000.09)      0.00 (   0.00)    3.32e-05     1.15e-02
 1792  1792      0.00 (   0.00)      59.04 (5000.09)      0.00 (   0.00)    1.12e-05     1.11e-02
 1920  1920      0.00 (   0.00)      59.88 (5000.01)      0.00 (   0.00)    1.35e-05     1.07e-02
 2048  2048      0.00 (   0.00)      65.91 (5000.12)      0.00 (   0.00)    1.21e-05     1.02e-02
 2176  2176      0.00 (   0.00)      62.38 (5000.13)      0.00 (   0.00)    1.62e-05     9.99e-03
 2304  2304      0.00 (   0.00)      70.01 (5000.03)      0.00 (   0.00)    1.13e-05     9.75e-03
 2432  2432      0.00 (   0.00)      70.17 (5000.14)      0.00 (   0.00)    3.46e-03     9.50e-03
 2560  2560      0.00 (   0.00)      71.97 (5000.08)      0.00 (   0.00)    1.17e-05     9.27e-03
 2688  2688      0.00 (   0.00)      72.90 (5000.17)      0.00 (   0.00)    7.53e-03     9.03e-03
 2816  2816      0.00 (   0.00)      63.04 (5000.07)      0.00 (   0.00)    8.41e-03     8.83e-03
 2944  2944      0.00 (   0.00)      66.09 (5000.09)      0.00 (   0.00)    5.18e-06     8.63e-03
 3072  3072      0.00 (   0.00)      66.71 (5000.03)      0.00 (   0.00)    7.21e-03     8.41e-03
 3200  3200      0.00 (   0.00)      76.96 (5000.02)      0.00 (   0.00)    7.80e-03     8.29e-03
 3328  3328      0.00 (   0.00)      77.31 (5000.02)      0.00 (   0.00)    4.26e-06     8.13e-03
 3456  3456      0.00 (   0.00)      80.01 (5000.24)      0.00 (   0.00)    6.76e-06     7.96e-03
 3584  3584      0.00 (   0.00)      80.60 (5000.03)      0.00 (   0.00)    1.03e-05     7.83e-03
 3712  3712      0.00 (   0.00)      83.28 (5000.08)      0.00 (   0.00)    1.37e-05     7.70e-03
 3840  3840      0.00 (   0.00)      81.72 (5000.28)      0.00 (   0.00)    1.68e-05     7.54e-03
 3968  3968      0.00 (   0.00)      79.18 (5000.04)      0.00 (   0.00)    1.95e-05     7.41e-03
 4096  4096      0.00 (   0.00)      85.64 (5000.22)      0.00 (   0.00)    2.21e-05     7.31e-03
 4224  4224      0.00 (   0.00)      82.89 (5000.01)      0.00 (   0.00)    3.03e-06     7.19e-03
 4352  4352      0.00 (   0.00)      81.10 (5000.07)      0.00 (   0.00)    2.85e-06     7.09e-03
 4480  4480      0.00 (   0.00)      81.91 (5000.33)      0.00 (   0.00)    4.76e-06     7.00e-03
 4608  4608      0.00 (   0.00)      86.34 (5000.12)      0.00 (   0.00)    4.27e-06     6.91e-03
 4736  4736      0.00 (   0.00)      86.08 (5000.35)      0.00 (   0.00)    7.16e-06     6.81e-03
 4864  4864      0.00 (   0.00)      85.48 (5000.38)      0.00 (   0.00)    5.95e-06     6.70e-03
 4992  4992      0.00 (   0.00)      84.72 (5000.38)      0.00 (   0.00)    9.29e-06     6.63e-03
 5120  5120      0.00 (   0.00)      87.56 (5000.41)      0.00 (   0.00)    7.28e-06     6.52e-03
 5248  5248      0.00 (   0.00)      86.65 (5000.29)      0.00 (   0.00)    1.13e-05     6.45e-03
 5376  5376      0.00 (   0.00)      85.02 (5000.65)      0.00 (   0.00)    8.04e-06     6.42e-03
 5504  5504      0.00 (   0.00)      84.53 (5000.54)      0.00 (   0.00)    1.27e-05     6.32e-03
 5632  5632      0.00 (   0.00)      88.24 (5000.59)      0.00 (   0.00)    8.84e-06     6.24e-03
 5760  5760      0.00 (   0.00)      87.20 (5000.44)      0.00 (   0.00)    1.42e-05     6.19e-03
 5888  5888      0.00 (   0.00)      87.06 (5000.56)      0.00 (   0.00)    9.05e-06     6.11e-03
 6016  6016      0.00 (   0.00)      86.34 (5000.06)      0.00 (   0.00)    1.53e-05     6.05e-03
 6144  6144      0.00 (   0.00)      87.41 (5000.28)      0.00 (   0.00)    9.20e-06     5.98e-03
 6272  6272      0.00 (   0.00)      87.87 (5000.35)      0.00 (   0.00)    1.67e-06     5.90e-03
 6400  6400      0.00 (   0.00)      86.79 (5000.80)      0.00 (   0.00)    8.61e-06     5.85e-03
 6528  6528      0.00 (   0.00)      89.21 (5000.47)      0.00 (   0.00)    2.49e-06     5.80e-03
 6656  6656      0.00 (   0.00)      91.66 (5000.54)      0.00 (   0.00)    8.54e-06     5.73e-03
 6784  6784      0.00 (   0.00)      90.63 (5000.45)      0.00 (   0.00)    3.57e-06     5.70e-03
 6912  6912      0.00 (   0.00)      91.69 (5000.91)      0.00 (   0.00)    8.66e-06     5.66e-03
 7040  7040      0.00 (   0.00)      88.26 (5000.67)      0.00 (   0.00)    4.52e-06     5.56e-03
 7168  7168      0.00 (   0.00)      91.10 (5001.10)      0.00 (   0.00)    8.95e-06     5.54e-03
 7296  7296      0.00 (   0.00)      89.03 (5000.57)      0.00 (   0.00)    5.18e-06     5.49e-03
 7424  7424      0.00 (   0.00)      89.49 (5000.52)      0.00 (   0.00)    9.53e-06     5.43e-03
 7552  7552      0.00 (   0.00)      13.32 (5003.41)      0.00 (   0.00)    5.62e-06     5.40e-03
 7680  7680      0.00 (   0.00)      89.80 (5000.18)      0.00 (   0.00)    1.00e-05     5.34e-03
 7808  7808      0.00 (   0.00)      91.46 (5001.03)      0.00 (   0.00)    5.94e-06     5.29e-03
 7936  7936      0.00 (   0.00)      93.71 (5000.84)      0.00 (   0.00)    1.06e-05     5.26e-03
 8064  8064      0.00 (   0.00)      92.51 (5001.19)      0.00 (   0.00)    5.94e-06     5.23e-03
 8192  8192      0.00 (   0.00)      92.21 (5000.55)      0.00 (   0.00)    1.13e-05     5.16e-03
 8320  8320      0.00 (   0.00)      91.15 (5000.72)      0.00 (   0.00)    5.89e-06     5.15e-03
 8448  8448      0.00 (   0.00)      90.14 (5001.05)      0.00 (   0.00)    1.17e-05     5.09e-03
 8576  8576      0.00 (   0.00)      87.91 (5000.43)      0.00 (   0.00)    5.90e-06     5.06e-03
 8704  8704      0.00 (   0.00)      92.34 (5000.44)      0.00 (   0.00)    1.22e-05     5.03e-03
 8832  8832      0.00 (   0.00)      91.58 (5000.54)      0.00 (   0.00)    5.76e-06     5.00e-03
 8960  8960      0.00 (   0.00)      92.00 (5000.72)      0.00 (   0.00)    1.26e-05     4.96e-03
 9088  9088      0.00 (   0.00)      88.92 (5001.33)      0.00 (   0.00)    5.70e-06     4.91e-03
 9216  9216      0.00 (   0.00)      91.21 (5000.96)      0.00 (   0.00)    1.31e-05     4.87e-03
 9344  9344      0.00 (   0.00)      91.08 (5000.92)      0.00 (   0.00)    5.61e-06     4.85e-03
 9472  9472      0.00 (   0.00)      91.57 (5001.19)      0.00 (   0.00)    1.33e-05     4.82e-03
 9600  9600      0.00 (   0.00)      91.23 (5001.13)      0.00 (   0.00)    5.54e-06     4.79e-03
 9728  9728      0.00 (   0.00)      93.76 (5000.80)      0.00 (   0.00)    1.35e-05     4.74e-03
 9856  9856      0.00 (   0.00)      91.19 (5000.59)      0.00 (   0.00)    5.46e-06     4.73e-03
 9984  9984      0.00 (   0.00)      91.61 (5001.48)      0.00 (   0.00)    1.36e-05     4.68e-03
10112 10112      0.00 (   0.00)      91.61 (5001.01)      0.00 (   0.00)    5.43e-06     4.66e-03
10240 10240      0.00 (   0.00)      92.74 (5000.52)      0.00 (   0.00)    1.37e-05     4.63e-03
10368 10368      0.00 (   0.00)      92.80 (5002.11)      0.00 (   0.00)    5.33e-06     4.60e-03
10496 10496      0.00 (   0.00)      92.18 (5000.69)      0.00 (   0.00)    1.38e-05     4.57e-03
10624 10624      0.00 (   0.00)      89.61 (5000.77)      0.00 (   0.00)    5.30e-06     4.54e-03
10752 10752      0.00 (   0.00)      93.91 (5000.67)      0.00 (   0.00)    1.38e-05     4.53e-03
10880 10880      0.00 (   0.00)      89.66 (5001.64)      0.00 (   0.00)    5.25e-06     4.50e-03
11008 11008      0.00 (   0.00)      92.74 (5002.27)      0.00 (   0.00)    1.38e-05     4.45e-03
11136 11136      0.00 (   0.00)      91.70 (5001.41)      0.00 (   0.00)    5.15e-06     4.44e-03
11264 11264      0.00 (   0.00)      93.04 (5002.24)      0.00 (   0.00)    1.36e-05     4.41e-03
11392 11392      0.00 (   0.00)      90.78 (5001.07)      0.00 (   0.00)    5.07e-06     4.40e-03
11520 11520      0.00 (   0.00)      91.64 (5002.62)      0.00 (   0.00)    1.36e-05     4.37e-03
11648 11648      0.00 (   0.00)      91.77 (5000.35)      0.00 (   0.00)    5.09e-06     4.34e-03
11776 11776      0.00 (   0.00)      94.17 (5001.47)      0.00 (   0.00)    1.36e-05     4.32e-03
11904 11904      0.00 (   0.00)      93.31 (5002.93)      0.00 (   0.00)    5.01e-06     4.29e-03
12032 12032      0.00 (   0.00)      93.62 (5001.36)      0.00 (   0.00)    1.33e-05     4.28e-03
12160 12160      0.00 (   0.00)      91.78 (5001.26)      0.00 (   0.00)    4.98e-06     4.24e-03
12288 12288      0.00 (   0.00)      85.22 (5000.78)      0.00 (   0.00)    1.32e-05     4.23e-03
12416 12416      0.00 (   0.00)      93.52 (5001.80)      0.00 (   0.00)    5.87e-07     4.21e-03
12544 12544      0.00 (   0.00)      92.94 (5001.89)      0.00 (   0.00)    4.01e-03     4.18e-03
12672 12672      0.00 (   0.00)      91.50 (5002.21)      0.00 (   0.00)    9.61e-07     4.17e-03
12800 12800      0.00 (   0.00)      93.86 (5002.98)      0.00 (   0.00)    3.70e-03     4.15e-03
12928 12928      0.00 (   0.00)      92.71 (5001.27)      0.00 (   0.00)    1.46e-06     4.12e-03
13056 13056      0.00 (   0.00)      92.45 (5000.79)      0.00 (   0.00)    3.43e-03     4.11e-03
13184 13184      0.00 (   0.00)      93.02 (5000.90)      0.00 (   0.00)    1.92e-06     4.09e-03
13312 13312      0.00 (   0.00)      93.72 (5003.31)      0.00 (   0.00)    3.19e-03     4.05e-03
13440 13440      0.00 (   0.00)      94.24 (5003.25)      0.00 (   0.00)    2.32e-06     4.04e-03
13568 13568      0.00 (   0.00)      93.09 (5003.59)      0.00 (   0.00)    2.93e-03     4.02e-03
13696 13696      0.00 (   0.00)      92.99 (5003.00)      0.00 (   0.00)    2.67e-06     4.00e-03
13824 13824      0.00 (   0.00)      93.99 (5002.32)      0.00 (   0.00)    2.69e-03     3.99e-03
13952 13952      0.00 (   0.00)      94.69 (5000.15)      0.00 (   0.00)    2.95e-06     3.96e-03
14080 14080      0.00 (   0.00)      94.23 (5003.21)      0.00 (   0.00)    2.48e-03     3.94e-03
14208 14208      0.00 (   0.00)      93.80 (5001.63)      0.00 (   0.00)    3.17e-06     3.93e-03
14336 14336      0.00 (   0.00)      95.42 (5001.66)      0.00 (   0.00)    2.24e-03     3.92e-03
14464 14464      0.00 (   0.00)      94.13 (5001.19)      0.00 (   0.00)    3.33e-06     3.90e-03
14592 14592      0.00 (   0.00)      94.08 (5002.15)      0.00 (   0.00)    2.04e-03     3.88e-03
14720 14720      0.00 (   0.00)      92.23 (5004.13)      0.00 (   0.00)    3.44e-06     3.86e-03
14848 14848      0.00 (   0.00)      95.58 (5000.84)      0.00 (   0.00)    1.81e-03     3.85e-03
14976 14976      0.00 (   0.00)      94.85 (5003.93)      0.00 (   0.00)    3.52e-06     3.83e-03
15104 15104      0.00 (   0.00)      94.70 (5001.56)      0.00 (   0.00)    1.61e-03     3.80e-03
15232 15232      0.00 (   0.00)      93.61 (5001.91)      0.00 (   0.00)    3.56e-06     3.79e-03
15360 15360      0.00 (   0.00)      93.11 (5002.47)      0.00 (   0.00)    1.39e-03     3.79e-03
15488 15488      0.00 (   0.00)      94.45 (5003.59)      0.00 (   0.00)    3.52e-06     3.77e-03
15616 15616      0.00 (   0.00)      93.53 (5001.07)      0.00 (   0.00)    4.18e-07     3.76e-03
15744 15744      0.00 (   0.00)      94.07 (5001.48)      0.00 (   0.00)    1.06e-03     3.74e-03
15872 15872      0.00 (   0.00)      95.55 (5004.35)      0.00 (   0.00)    3.27e-06     3.72e-03
16000 16000      0.00 (   0.00)      95.13 (5000.16)      0.00 (   0.00)    6.49e-07     3.71e-03
16128 16128      0.00 (   0.00)      95.40 (5000.75)      0.00 (   0.00)    6.71e-04     3.69e-03
16256 16256      0.00 (   0.00)      94.23 (5003.23)      0.00 (   0.00)    3.04e-06     3.67e-03
16384 16384      0.00 (   0.00)      95.52 (5002.45)      0.00 (   0.00)    9.07e-07     3.66e-03
16512 16512      0.00 (   0.00)      94.55 (5000.31)      0.00 (   0.00)    6.82e-06     3.65e-03
16640 16640      0.00 (   0.00)      94.76 (5003.02)      0.00 (   0.00)    2.82e-06     3.63e-03
16768 16768      0.00 (   0.00)      94.32 (5002.45)      0.00 (   0.00)         nan     3.62e-03
16896 16896      0.00 (   0.00)      94.97 (5002.17)      0.00 (   0.00)    6.90e-06     3.60e-03
17024 17024      0.00 (   0.00)      95.50 (5001.77)      0.00 (   0.00)    2.64e-06     3.59e-03
17152 17152      0.00 (   0.00)      94.89 (5004.48)      0.00 (   0.00)    3.63e-07     3.58e-03
17280 17280      0.00 (   0.00)      94.71 (5000.65)      0.00 (   0.00)    6.94e-06     3.56e-03
17408 17408      0.00 (   0.00)      95.62 (5001.50)      0.00 (   0.00)    2.49e-06     3.55e-03
17536 17536      0.00 (   0.00)      94.82 (5000.93)      0.00 (   0.00)    3.54e-07     3.54e-03
17664 17664      0.00 (   0.00)      94.48 (5000.46)      0.00 (   0.00)    6.94e-06     3.52e-03
17792 17792      0.00 (   0.00)      94.76 (5004.42)      0.00 (   0.00)    2.36e-06     3.52e-03
17920 17920      0.00 (   0.00)      95.97 (5005.96)      0.00 (   0.00)    3.40e-07     3.50e-03
18048 18048      0.00 (   0.00)      95.89 (5000.52)      0.00 (   0.00)    6.89e-06     3.49e-03
18176 18176      0.00 (   0.00)      94.01 (5004.40)      0.00 (   0.00)    2.25e-06     3.47e-03
18304 18304      0.00 (   0.00)      94.95 (5003.95)      0.00 (   0.00)    3.30e-07     3.47e-03
18432 18432      0.00 (   0.00)      92.59 (5005.08)      0.00 (   0.00)    6.78e-06     3.45e-03
18560 18560      0.00 (   0.00)      95.23 (5006.33)      0.00 (   0.00)    2.16e-06     3.45e-03
18688 18688      0.00 (   0.00)      94.98 (5001.02)      0.00 (   0.00)    3.17e-07     3.43e-03
18816 18816      0.00 (   0.00)      93.80 (5005.37)      0.00 (   0.00)    6.70e-06     3.41e-03
18944 18944      0.00 (   0.00)      96.26 (5003.62)      0.00 (   0.00)    2.11e-06     3.40e-03
19072 19072      0.00 (   0.00)      94.36 (5003.56)      0.00 (   0.00)    3.11e-07     3.39e-03
19200 19200      0.00 (   0.00)      95.37 (5002.05)      0.00 (   0.00)    6.60e-06     3.37e-03
19328 19328      0.00 (   0.00)      94.74 (5000.13)      0.00 (   0.00)    3.04e-07     3.37e-03
19456 19456      0.00 (   0.00)      96.07 (5004.26)      0.00 (   0.00)    6.53e-06     3.36e-03
19584 19584      0.00 (   0.00)      95.08 (5002.42)      0.00 (   0.00)    2.99e-07     3.34e-03
19712 19712      0.00 (   0.00)      94.75 (5003.47)      0.00 (   0.00)    6.49e-06     3.33e-03
19840 19840      0.00 (   0.00)      94.42 (5002.77)      0.00 (   0.00)    2.93e-07     3.33e-03
19968 19968      0.00 (   0.00)      94.38 (5002.11)      0.00 (   0.00)    6.40e-06     3.32e-03
20096 20096      0.00 (   0.00)      95.30 (5000.48)      0.00 (   0.00)    2.86e-07     3.30e-03
20224 20224      0.00 (   0.00)      95.97 (5003.42)      0.00 (   0.00)    6.33e-06     3.30e-03
20352 20352      0.00 (   0.00)      95.55 (5002.95)      0.00 (   0.00)    2.82e-07     3.29e-03
20480 20480      0.00 (   0.00)      95.06 (5003.51)      0.00 (   0.00)    6.22e-06     3.28e-03
