% MAGMA 2.7.0  32-bit magma_int_t, 64-bit pointer.
% Compiled with CUDA support for 8.0
% CUDA runtime 11070, driver 12000. OpenMP threads 16. 
% device 0: NVIDIA A30 MIG 1g.6gb, 1110.0 MHz clock, 5952.0 MiB memory, capability 8.0
% Thu Apr  6 17:47:15 2023
% Usage: /homelocal/jcamar02/magma-2.7.0/build/testing/testing_dgemv [options] [-h|--help]

% trans = No transpose
%   M     N   MAGMA Gflop/s (ms)  cuBLAS Gflop/s (ms)   CPU Gflop/s (ms)  MAGMA error  cuBLAS error
%==================================================================================================
  128   128      0.00 (   0.00)       2.97 (5000.01)      0.00 (   0.00)    8.27e-04     4.05e-02
  256   256      0.00 (   0.00)       6.10 (5000.01)      0.00 (   0.00)    2.17e-04     2.85e-02
  384   384      0.00 (   0.00)      10.27 (5000.00)      0.00 (   0.00)    1.11e-04     2.37e-02
  512   512      0.00 (   0.00)      16.54 (5000.02)      0.00 (   0.00)    7.01e-05     2.04e-02
  640   640      0.00 (   0.00)      22.44 (5000.03)      0.00 (   0.00)    4.81e-05     1.86e-02
  768   768      0.00 (   0.00)      30.26 (5000.00)      0.00 (   0.00)    6.59e-05     1.69e-02
  896   896      0.00 (   0.00)      34.19 (5000.03)      0.00 (   0.00)    3.04e-05     1.57e-02
 1024  1024      0.00 (   0.00)      31.10 (5000.04)      0.00 (   0.00)    2.45e-05     1.46e-02
 1152  1152      0.00 (   0.00)      33.74 (5000.06)      0.00 (   0.00)    2.10e-05     1.37e-02
 1280  1280      0.00 (   0.00)      40.63 (5000.06)      0.00 (   0.00)    6.42e-03     1.32e-02
 1408  1408      0.00 (   0.00)      37.27 (5000.07)      0.00 (   0.00)    1.56e-05     1.25e-02
 1536  1536      0.00 (   0.00)      39.31 (5000.07)      0.00 (   0.00)    1.31e-05     1.19e-02
 1664  1664      0.00 (   0.00)      41.10 (5000.05)      0.00 (   0.00)    1.20e-05     1.15e-02
 1792  1792      0.00 (   0.00)      41.97 (5000.03)      0.00 (   0.00)    5.34e-03     1.11e-02
 1920  1920      0.00 (   0.00)      43.25 (5000.06)      0.00 (   0.00)    7.45e-03     1.07e-02
 2048  2048      0.00 (   0.00)      45.62 (5000.10)      0.00 (   0.00)    5.82e-03     1.02e-02
 2176  2176      0.00 (   0.00)      43.92 (5000.13)      0.00 (   0.00)    8.74e+128     9.99e-03
 2304  2304      0.00 (   0.00)      44.97 (5000.08)      0.00 (   0.00)    7.70e-03     9.75e-03
 2432  2432      0.00 (   0.00)      45.50 (5000.14)      0.00 (   0.00)    6.72e-06     9.50e-03
 2560  2560      0.00 (   0.00)      46.22 (5000.03)      0.00 (   0.00)    5.20e-03     9.27e-03
 2688  2688      0.00 (   0.00)      47.06 (5000.22)      0.00 (   0.00)    9.94e-06     9.03e-03
 2816  2816      0.00 (   0.00)      44.79 (5000.03)      0.00 (   0.00)    1.48e-05     8.83e-03
 2944  2944      0.00 (   0.00)      45.74 (5000.11)      0.00 (   0.00)    1.94e-05     8.63e-03
 3072  3072      0.00 (   0.00)      45.78 (5000.06)      0.00 (   0.00)    2.34e-05     8.41e-03
 3200  3200      0.00 (   0.00)      47.93 (5000.15)      0.00 (   0.00)    2.66e-05     8.29e-03
 3328  3328      0.00 (   0.00)      50.02 (5000.35)      0.00 (   0.00)    2.93e-05     8.13e-03
 3456  3456      0.00 (   0.00)      49.84 (5000.35)      0.00 (   0.00)    3.17e-05     7.96e-03
 3584  3584      0.00 (   0.00)      49.78 (5000.49)      0.00 (   0.00)    3.39e-05     7.83e-03
 3712  3712      0.00 (   0.00)      51.39 (5000.05)      0.00 (   0.00)    3.59e-06     7.70e-03
 3840  3840      0.00 (   0.00)      51.48 (5000.54)      0.00 (   0.00)    3.44e-06     7.54e-03
 3968  3968      0.00 (   0.00)      51.00 (5000.49)      0.00 (   0.00)    5.66e-06     7.41e-03
 4096  4096      0.00 (   0.00)      51.82 (5000.08)      0.00 (   0.00)    3.18e-06     7.31e-03
 4224  4224      0.00 (   0.00)      51.60 (5000.40)      0.00 (   0.00)    2.39e-03     7.19e-03
 4352  4352      0.00 (   0.00)      49.92 (5000.69)      0.00 (   0.00)    6.03e-03     7.09e-03
 4480  4480      0.00 (   0.00)      50.72 (5000.55)      0.00 (   0.00)    4.29e-06     7.00e-03
 4608  4608      0.00 (   0.00)      49.66 (5000.76)      0.00 (   0.00)    4.75e-03     6.91e-03
 4736  4736      0.00 (   0.00)      51.94 (5000.28)      0.00 (   0.00)    5.64e-06     6.81e-03
 4864  4864      0.00 (   0.00)      51.72 (5000.62)      0.00 (   0.00)    3.87e-03     6.70e-03
 4992  4992      0.00 (   0.00)      50.94 (5000.14)      0.00 (   0.00)    6.52e-06     6.63e-03
 5120  5120      0.00 (   0.00)      52.06 (5000.49)      0.00 (   0.00)    3.08e-03     6.52e-03
 5248  5248      0.00 (   0.00)      52.22 (5000.98)      0.00 (   0.00)    6.98e-06     6.45e-03
 5376  5376      0.00 (   0.00)      51.41 (5000.53)      0.00 (   0.00)    2.32e-03     6.42e-03
 5504  5504      0.00 (   0.00)      52.37 (5000.43)      0.00 (   0.00)    6.84e-06     6.32e-03
 5632  5632      0.00 (   0.00)      53.22 (5000.91)      0.00 (   0.00)    1.67e-03     6.24e-03
 5760  5760      0.00 (   0.00)      53.77 (5000.15)      0.00 (   0.00)    6.95e-06     6.19e-03
 5888  5888      0.00 (   0.00)      52.98 (5000.07)      0.00 (   0.00)    8.78e-04     6.11e-03
 6016  6016      0.00 (   0.00)      52.51 (5000.86)      0.00 (   0.00)    6.88e-06     6.05e-03
 6144  6144      0.00 (   0.00)      41.33 (5000.02)      0.00 (   0.00)    1.60e-05     5.98e-03
 6272  6272      0.00 (   0.00)      53.02 (5000.13)      0.00 (   0.00)    6.80e-06     5.90e-03
 6400  6400      0.00 (   0.00)      52.98 (5001.18)      0.00 (   0.00)    1.65e-05     5.85e-03
 6528  6528      0.00 (   0.00)      53.72 (5001.32)      0.00 (   0.00)    6.67e-06     5.80e-03
 6656  6656      0.00 (   0.00)      54.60 (5000.78)      0.00 (   0.00)    1.65e-05     5.73e-03
 6784  6784      0.00 (   0.00)      52.95 (5000.39)      0.00 (   0.00)    6.53e-06     5.70e-03
 6912  6912      0.00 (   0.00)      53.41 (5000.78)      0.00 (   0.00)    1.66e-05     5.66e-03
 7040  7040      0.00 (   0.00)      53.36 (5001.24)      0.00 (   0.00)    6.45e-06     5.56e-03
 7168  7168      0.00 (   0.00)      52.35 (5001.84)      0.00 (   0.00)    1.66e-05     5.54e-03
 7296  7296      0.00 (   0.00)      53.15 (5000.64)      0.00 (   0.00)    6.34e-06     5.49e-03
 7424  7424      0.00 (   0.00)      53.55 (5000.36)      0.00 (   0.00)    1.29e-06     5.43e-03
 7552  7552      0.00 (   0.00)      13.33 (5007.50)      0.00 (   0.00)    6.07e-05     5.40e-03
 7680  7680      0.00 (   0.00)      51.16 (5001.55)      0.00 (   0.00)    4.86e-03     5.34e-03
 7808  7808      0.00 (   0.00)      54.07 (5002.05)      0.00 (   0.00)    1.83e-06     5.29e-03
 7936  7936      0.00 (   0.00)      54.66 (5000.83)      0.00 (   0.00)    5.73e-05     5.26e-03
 8064  8064      0.00 (   0.00)      53.95 (5000.34)      0.00 (   0.00)    4.51e-03     5.23e-03
 8192  8192      0.00 (   0.00)      54.16 (5001.20)      0.00 (   0.00)    2.48e-06     5.16e-03
 8320  8320      0.00 (   0.00)      53.78 (5000.01)      0.00 (   0.00)    1.07e-06     5.15e-03
 8448  8448      0.00 (   0.00)      53.59 (5002.53)      0.00 (   0.00)    3.76e-03     5.09e-03
 8576  8576      0.00 (   0.00)      53.77 (5001.76)      0.00 (   0.00)    1.03e-06     5.06e-03
 8704  8704      0.00 (   0.00)      53.78 (5001.49)      0.00 (   0.00)    3.28e-03     5.03e-03
 8832  8832      0.00 (   0.00)      53.71 (5002.20)      0.00 (   0.00)    9.67e-07     5.00e-03
 8960  8960      0.00 (   0.00)      52.76 (5001.06)      0.00 (   0.00)    2.83e-03     4.96e-03
 9088  9088      0.00 (   0.00)      54.11 (5000.72)      0.00 (   0.00)    9.36e-07     4.91e-03
 9216  9216      0.00 (   0.00)      49.32 (5001.67)      0.00 (   0.00)    2.42e-03     4.87e-03
 9344  9344      0.00 (   0.00)      54.11 (5002.78)      0.00 (   0.00)    8.95e-07     4.85e-03
 9472  9472      0.00 (   0.00)      54.11 (5000.95)      0.00 (   0.00)    1.99e-03     4.82e-03
 9600  9600      0.00 (   0.00)      53.49 (5000.48)      0.00 (   0.00)    7.59e-04     4.79e-03
 9728  9728      0.00 (   0.00)      54.31 (5001.77)      0.00 (   0.00)    8.46e-07     4.74e-03
 9856  9856      0.00 (   0.00)      52.62 (5003.32)      0.00 (   0.00)    1.16e-03     4.73e-03
 9984  9984      0.00 (   0.00)      53.48 (5003.20)      0.00 (   0.00)    1.36e-06     4.68e-03
10112 10112      0.00 (   0.00)      54.18 (5002.16)      0.00 (   0.00)    1.68e-03     4.66e-03
10240 10240      0.00 (   0.00)      54.18 (5001.10)      0.00 (   0.00)    2.00e-06     4.63e-03
10368 10368      0.00 (   0.00)      54.05 (5000.76)      0.00 (   0.00)    2.00e-03     4.60e-03
10496 10496      0.00 (   0.00)      53.93 (5000.80)      0.00 (   0.00)    2.59e-06     4.57e-03
10624 10624      0.00 (   0.00)      53.78 (5004.05)      0.00 (   0.00)    2.26e-03     4.54e-03
10752 10752      0.00 (   0.00)      50.88 (5004.03)      0.00 (   0.00)    3.08e-06     4.53e-03
10880 10880      0.00 (   0.00)      53.89 (5004.01)      0.00 (   0.00)    2.46e-03     4.50e-03
11008 11008      0.00 (   0.00)      54.21 (5003.30)      0.00 (   0.00)    3.46e-06     4.45e-03
11136 11136      0.00 (   0.00)      54.36 (5001.44)      0.00 (   0.00)    4.18e-03     4.44e-03
11264 11264      0.00 (   0.00)      54.59 (5002.02)      0.00 (   0.00)    4.34e-03     4.41e-03
11392 11392      0.00 (   0.00)      54.31 (5004.64)      0.00 (   0.00)    4.32e-03     4.40e-03
11520 11520      0.00 (   0.00)      53.78 (5000.12)      0.00 (   0.00)    6.59e-07     4.37e-03
11648 11648      0.00 (   0.00)      54.20 (5002.11)      0.00 (   0.00)    4.16e-03     4.34e-03
11776 11776      0.00 (   0.00)      54.73 (5002.36)      0.00 (   0.00)    4.26e-03     4.32e-03
11904 11904      0.00 (   0.00)      54.46 (5001.29)      0.00 (   0.00)    4.22e-03     4.29e-03
12032 12032      0.00 (   0.00)      53.81 (5004.26)      0.00 (   0.00)    6.10e-07     4.28e-03
12160 12160      0.00 (   0.00)      54.50 (5003.78)      0.00 (   0.00)    4.13e-03     4.24e-03
12288 12288      0.00 (   0.00)      37.70 (5007.21)      0.00 (   0.00)    4.14e-03     4.23e-03
12416 12416      0.00 (   0.00)      54.26 (5000.49)      0.00 (   0.00)    4.16e-03     4.21e-03
12544 12544      0.00 (   0.00)      53.93 (5001.32)      0.00 (   0.00)    5.80e-07     4.18e-03
12672 12672      0.00 (   0.00)      54.60 (5000.34)      0.00 (   0.00)    3.99e-03     4.17e-03
12800 12800      0.00 (   0.00)      54.62 (5003.75)      0.00 (   0.00)    4.08e-03     4.15e-03
12928 12928      0.00 (   0.00)      54.25 (5003.73)      0.00 (   0.00)    4.10e-03     4.12e-03
13056 13056      0.00 (   0.00)      54.00 (5000.60)      0.00 (   0.00)    6.84e-04     4.11e-03
13184 13184      0.00 (   0.00)      53.94 (5002.01)      0.00 (   0.00)    3.94e-03     4.09e-03
13312 13312      0.00 (   0.00)      54.64 (5001.40)      0.00 (   0.00)    5.31e-07     4.05e-03
13440 13440      0.00 (   0.00)      54.16 (5003.34)      0.00 (   0.00)    3.69e-03     4.04e-03
13568 13568      0.00 (   0.00)      53.33 (5005.92)      0.00 (   0.00)    8.91e-07     4.02e-03
13696 13696      0.00 (   0.00)      54.24 (5001.37)      0.00 (   0.00)    3.44e-03     4.00e-03
13824 13824      0.00 (   0.00)      51.34 (5003.25)      0.00 (   0.00)    1.39e-06     3.99e-03
13952 13952      0.00 (   0.00)      54.10 (5001.77)      0.00 (   0.00)    3.20e-03     3.96e-03
14080 14080      0.00 (   0.00)      54.75 (5004.95)      0.00 (   0.00)    1.92e-06     3.94e-03
14208 14208      0.00 (   0.00)      54.42 (5000.54)      0.00 (   0.00)    2.96e-03     3.93e-03
14336 14336      0.00 (   0.00)      53.86 (5006.75)      0.00 (   0.00)    2.40e-06     3.92e-03
14464 14464      0.00 (   0.00)      54.75 (5005.98)      0.00 (   0.00)    2.72e-03     3.90e-03
14592 14592      0.00 (   0.00)      53.82 (5000.64)      0.00 (   0.00)    2.88e-06     3.88e-03
14720 14720      0.00 (   0.00)      54.48 (5003.52)      0.00 (   0.00)    2.51e-03     3.86e-03
14848 14848      0.00 (   0.00)      54.79 (5005.87)      0.00 (   0.00)    3.30e-06     3.85e-03
14976 14976      0.00 (   0.00)      54.45 (5001.07)      0.00 (   0.00)    2.30e-03     3.83e-03
15104 15104      0.00 (   0.00)      54.60 (5005.42)      0.00 (   0.00)    3.72e-06     3.80e-03
15232 15232      0.00 (   0.00)      54.37 (5001.93)      0.00 (   0.00)    2.11e-03     3.79e-03
15360 15360      0.00 (   0.00)      49.52 (5002.50)      0.00 (   0.00)    4.08e-06     3.79e-03
15488 15488      0.00 (   0.00)      54.25 (5005.73)      0.00 (   0.00)    1.90e-03     3.77e-03
15616 15616      0.00 (   0.00)      54.54 (5007.82)      0.00 (   0.00)    4.44e-06     3.76e-03
15744 15744      0.00 (   0.00)      54.67 (5006.27)      0.00 (   0.00)    1.70e-03     3.74e-03
15872 15872      0.00 (   0.00)      54.93 (5008.07)      0.00 (   0.00)    4.82e-06     3.72e-03
16000 16000      0.00 (   0.00)      54.62 (5005.55)      0.00 (   0.00)    1.52e-03     3.71e-03
16128 16128      0.00 (   0.00)      53.63 (5005.20)      0.00 (   0.00)    5.12e-06     3.69e-03
16256 16256      0.00 (   0.00)      54.86 (5000.43)      0.00 (   0.00)    1.39e-03     3.67e-03
16384 16384      0.00 (   0.00)      54.76 (5009.74)      0.00 (   0.00)    5.42e-06     3.66e-03
16512 16512      0.00 (   0.00)      54.32 (5009.26)      0.00 (   0.00)    5.76e-06     3.65e-03
16640 16640      0.00 (   0.00)      54.17 (5009.91)      0.00 (   0.00)    6.13e-06     3.63e-03
16768 16768      0.00 (   0.00)      54.77 (5000.08)      0.00 (   0.00)    6.48e-06     3.62e-03
16896 16896      0.00 (   0.00)      51.59 (5002.87)      0.00 (   0.00)    6.84e-06     3.60e-03
17024 17024      0.00 (   0.00)      54.75 (5007.48)      0.00 (   0.00)    7.16e-06     3.59e-03
17152 17152      0.00 (   0.00)      54.83 (5000.68)      0.00 (   0.00)    7.46e-06     3.58e-03
17280 17280      0.00 (   0.00)      54.67 (5003.49)      0.00 (   0.00)    7.83e-06     3.56e-03
17408 17408      0.00 (   0.00)      54.31 (5010.54)      0.00 (   0.00)    8.14e-06     3.55e-03
17536 17536      0.00 (   0.00)      55.01 (5009.35)      0.00 (   0.00)    8.44e-06     3.54e-03
17664 17664      0.00 (   0.00)      54.31 (5010.17)      0.00 (   0.00)    8.74e-06     3.52e-03
17792 17792      0.00 (   0.00)      54.67 (5003.51)      0.00 (   0.00)    9.01e-06     3.52e-03
17920 17920      0.00 (   0.00)      54.02 (5005.94)      0.00 (   0.00)    9.29e-06     3.50e-03
18048 18048      0.00 (   0.00)      54.65 (5007.05)      0.00 (   0.00)    9.57e-06     3.49e-03
18176 18176      0.00 (   0.00)      55.02 (5008.33)      0.00 (   0.00)    9.79e-06     3.47e-03
18304 18304      0.00 (   0.00)      54.10 (5004.52)      0.00 (   0.00)    1.00e-05     3.47e-03
18432 18432      0.00 (   0.00)      42.00 (5015.18)      0.00 (   0.00)    1.03e-05     3.45e-03
18560 18560      0.00 (   0.00)      54.74 (5009.81)      0.00 (   0.00)    1.05e-05     3.45e-03
18688 18688      0.00 (   0.00)      54.70 (5005.81)      0.00 (   0.00)    1.07e-05     3.43e-03
18816 18816      0.00 (   0.00)      54.74 (5005.96)      0.00 (   0.00)    1.10e-05     3.41e-03
18944 18944      0.00 (   0.00)      54.65 (5003.71)      0.00 (   0.00)    1.12e-05     3.40e-03
19072 19072      0.00 (   0.00)      53.39 (5001.15)      0.00 (   0.00)    1.14e-05     3.39e-03
19200 19200      0.00 (   0.00)      54.04 (5007.72)      0.00 (   0.00)    1.17e-05     3.37e-03
19328 19328      0.00 (   0.00)      54.80 (5003.53)      0.00 (   0.00)    1.18e-05     3.37e-03
19456 19456      0.00 (   0.00)      54.86 (5009.52)      0.00 (   0.00)    1.20e-05     3.36e-03
19584 19584      0.00 (   0.00)      54.90 (5002.36)      0.00 (   0.00)    1.22e-05     3.34e-03
19712 19712      0.00 (   0.00)      54.08 (5001.42)      0.00 (   0.00)    1.24e-05     3.33e-03
19840 19840      0.00 (   0.00)      54.61 (5002.33)      0.00 (   0.00)    1.26e-05     3.33e-03
19968 19968      0.00 (   0.00)      51.67 (5001.12)      0.00 (   0.00)    1.27e-05     3.32e-03
20096 20096      0.00 (   0.00)      54.92 (5000.57)      0.00 (   0.00)    1.29e-05     3.30e-03
20224 20224      0.00 (   0.00)      54.63 (5001.10)      0.00 (   0.00)    1.31e-05     3.30e-03
20352 20352      0.00 (   0.00)      54.34 (5000.80)      0.00 (   0.00)    1.33e-05     3.29e-03
20480 20480      0.00 (   0.00)      55.08 (5010.87)      0.00 (   0.00)    1.34e-05     3.28e-03
