% MAGMA 2.7.0  32-bit magma_int_t, 64-bit pointer.
% Compiled with CUDA support for 8.0
% CUDA runtime 11070, driver 12000. OpenMP threads 16. 
% device 0: NVIDIA A30 MIG 2g.12gb, 1110.0 MHz clock, 11968.0 MiB memory, capability 8.0
% Sun Mar 26 17:43:59 2023
% Usage: /homelocal/jcamar02/magma-2.7.0/build/testing/testing_dgemv [options] [-h|--help]

% trans = No transpose
%   M     N   MAGMA Gflop/s (ms)  cuBLAS Gflop/s (ms)   CPU Gflop/s (ms)  MAGMA error  cuBLAS error
%==================================================================================================
  128   128      0.00 (   0.00)       3.10 (5000.01)      0.00 (   0.00)         nan     4.05e-02
  256   256      0.00 (   0.00)      11.54 (5000.00)      0.00 (   0.00)    2.17e-04     2.85e-02
  384   384      0.00 (   0.00)      13.30 (5000.00)      0.00 (   0.00)    1.10e-04     2.37e-02
  512   512      0.00 (   0.00)      22.00 (5000.01)      0.00 (   0.00)    7.13e-05     2.04e-02
  640   640      0.00 (   0.00)      32.06 (5000.02)      0.00 (   0.00)    4.97e-05     1.86e-02
  768   768      0.00 (   0.00)      35.79 (5000.02)      0.00 (   0.00)    3.78e-05     1.69e-02
  896   896      0.00 (   0.00)      45.60 (5000.01)      0.00 (   0.00)    3.04e-05     1.57e-02
 1024  1024      0.00 (   0.00)      54.26 (5000.02)      0.00 (   0.00)    4.33e-05     1.46e-02
 1152  1152      0.00 (   0.00)      61.21 (5000.01)      0.00 (   0.00)    2.11e-05     1.37e-02
 1280  1280      0.00 (   0.00)      67.10 (5000.03)      0.00 (   0.00)    1.77e-05     1.32e-02
 1408  1408      0.00 (   0.00)      68.80 (5000.04)      0.00 (   0.00)    9.90e-03     1.25e-02
 1536  1536      0.00 (   0.00)      71.40 (5000.06)      0.00 (   0.00)    2.00e-05     1.19e-02
 1664  1664      0.00 (   0.00)      71.47 (5000.05)      0.00 (   0.00)    1.20e-05     1.15e-02
 1792  1792      0.00 (   0.00)      79.29 (5000.04)      0.00 (   0.00)    1.32e-05     1.11e-02
 1920  1920      0.00 (   0.00)      71.72 (5000.04)      0.00 (   0.00)    1.41e-05     1.07e-02
 2048  2048      0.00 (   0.00)      81.75 (5000.01)      0.00 (   0.00)    8.62e-03     1.02e-02
 2176  2176      0.00 (   0.00)      84.37 (5000.05)      0.00 (   0.00)         nan     9.99e-03
 2304  2304      0.00 (   0.00)      80.00 (5000.06)      0.00 (   0.00)    7.45e-06     9.75e-03
 2432  2432      0.00 (   0.00)      82.22 (5000.02)      0.00 (   0.00)         nan     9.50e-03
 2560  2560      0.00 (   0.00)      84.86 (5000.08)      0.00 (   0.00)         nan     9.27e-03
 2688  2688      0.00 (   0.00)      90.40 (5000.06)      0.00 (   0.00)         nan     9.03e-03
 2816  2816      0.00 (   0.00)      88.58 (5000.15)      0.00 (   0.00)         nan     8.83e-03
 2944  2944      0.00 (   0.00)      90.99 (5000.01)      0.00 (   0.00)         nan     8.63e-03
 3072  3072      0.00 (   0.00)      91.58 (5000.03)      0.00 (   0.00)         nan     8.41e-03
 3200  3200      0.00 (   0.00)      92.42 (5000.10)      0.00 (   0.00)         nan     8.29e-03
 3328  3328      0.00 (   0.00)      94.95 (5000.06)      0.00 (   0.00)         nan     8.13e-03
 3456  3456      0.00 (   0.00)      96.37 (5000.24)      0.00 (   0.00)         nan     7.96e-03
 3584  3584      0.00 (   0.00)      97.11 (5000.23)      0.00 (   0.00)         nan     7.83e-03
 3712  3712      0.00 (   0.00)      96.57 (5000.18)      0.00 (   0.00)         nan     7.70e-03
 3840  3840      0.00 (   0.00)      98.91 (5000.28)      0.00 (   0.00)         nan     7.54e-03
 3968  3968      0.00 (   0.00)      97.76 (5000.09)      0.00 (   0.00)         nan     7.41e-03
 4096  4096      0.00 (   0.00)      99.44 (5000.05)      0.00 (   0.00)         nan     7.31e-03
 4224  4224      0.00 (   0.00)      98.73 (5000.19)      0.00 (   0.00)         nan     7.19e-03
 4352  4352      0.00 (   0.00)      99.69 (5000.21)      0.00 (   0.00)         nan     7.09e-03
 4480  4480      0.00 (   0.00)     100.54 (5000.01)      0.00 (   0.00)         nan     7.00e-03
 4608  4608      0.00 (   0.00)     101.92 (5000.28)      0.00 (   0.00)         nan     6.91e-03
 4736  4736      0.00 (   0.00)     100.57 (5000.13)      0.00 (   0.00)         nan     6.81e-03
 4864  4864      0.00 (   0.00)     100.73 (5000.30)      0.00 (   0.00)         nan     6.70e-03
 4992  4992      0.00 (   0.00)     102.02 (5000.44)      0.00 (   0.00)         nan     6.63e-03
 5120  5120      0.00 (   0.00)     102.89 (5000.46)      0.00 (   0.00)         nan     6.52e-03
 5248  5248      0.00 (   0.00)     103.47 (5000.45)      0.00 (   0.00)         nan     6.45e-03
 5376  5376      0.00 (   0.00)     102.59 (5000.29)      0.00 (   0.00)         nan     6.42e-03
 5504  5504      0.00 (   0.00)     101.36 (5000.39)      0.00 (   0.00)         nan     6.32e-03
 5632  5632      0.00 (   0.00)     100.34 (5000.04)      0.00 (   0.00)         nan     6.24e-03
 5760  5760      0.00 (   0.00)     104.01 (5000.57)      0.00 (   0.00)         nan     6.19e-03
 5888  5888      0.00 (   0.00)     103.13 (5000.23)      0.00 (   0.00)         nan     6.11e-03
 6016  6016      0.00 (   0.00)     102.91 (5000.21)      0.00 (   0.00)         nan     6.05e-03
 6144  6144      0.00 (   0.00)      95.95 (5000.17)      0.00 (   0.00)         nan     5.98e-03
 6272  6272      0.00 (   0.00)     103.54 (5000.65)      0.00 (   0.00)         nan     5.90e-03
 6400  6400      0.00 (   0.00)     104.35 (5000.21)      0.00 (   0.00)         nan     5.85e-03
 6528  6528      0.00 (   0.00)     104.39 (5000.69)      0.00 (   0.00)         nan     5.80e-03
 6656  6656      0.00 (   0.00)     102.95 (5000.18)      0.00 (   0.00)         nan     5.73e-03
 6784  6784      0.00 (   0.00)     104.70 (5000.36)      0.00 (   0.00)         nan     5.70e-03
 6912  6912      0.00 (   0.00)     105.18 (5000.84)      0.00 (   0.00)         nan     5.66e-03
 7040  7040      0.00 (   0.00)     104.29 (5000.32)      0.00 (   0.00)         nan     5.56e-03
 7168  7168      0.00 (   0.00)     103.79 (5000.69)      0.00 (   0.00)         nan     5.54e-03
 7296  7296      0.00 (   0.00)     104.54 (5000.22)      0.00 (   0.00)         nan     5.49e-03
 7424  7424      0.00 (   0.00)     105.65 (5000.41)      0.00 (   0.00)         nan     5.43e-03
 7552  7552      0.00 (   0.00)     105.67 (5000.64)      0.00 (   0.00)         nan     5.40e-03
 7680  7680      0.00 (   0.00)     105.74 (5000.78)      0.00 (   0.00)         nan     5.34e-03
 7808  7808      0.00 (   0.00)     104.13 (5000.51)      0.00 (   0.00)         nan     5.29e-03
 7936  7936      0.00 (   0.00)     105.83 (5000.55)      0.00 (   0.00)         nan     5.26e-03
 8064  8064      0.00 (   0.00)     105.47 (5000.73)      0.00 (   0.00)         nan     5.23e-03
 8192  8192      0.00 (   0.00)     106.46 (5000.63)      0.00 (   0.00)         nan     5.16e-03
 8320  8320      0.00 (   0.00)     106.08 (5000.54)      0.00 (   0.00)         nan     5.15e-03
 8448  8448      0.00 (   0.00)     105.02 (5001.12)      0.00 (   0.00)         nan     5.09e-03
 8576  8576      0.00 (   0.00)     105.68 (5000.35)      0.00 (   0.00)         nan     5.06e-03
 8704  8704      0.00 (   0.00)     106.49 (5000.63)      0.00 (   0.00)    1.32e-03     5.03e-03
 8832  8832      0.00 (   0.00)     106.49 (5000.67)      0.00 (   0.00)         nan     5.00e-03
 8960  8960      0.00 (   0.00)     105.99 (5001.15)      0.00 (   0.00)    1.89e-03     4.96e-03
 9088  9088      0.00 (   0.00)     106.39 (5000.21)      0.00 (   0.00)         nan     4.91e-03
 9216  9216      0.00 (   0.00)     104.60 (5000.89)      0.00 (   0.00)    2.26e-03     4.87e-03
 9344  9344      0.00 (   0.00)     106.50 (5001.56)      0.00 (   0.00)         nan     4.85e-03
 9472  9472      0.00 (   0.00)     106.47 (5000.70)      0.00 (   0.00)    2.52e-03     4.82e-03
 9600  9600      0.00 (   0.00)     106.47 (5000.13)      0.00 (   0.00)    4.48e-06     4.79e-03
 9728  9728      0.00 (   0.00)     107.07 (5001.19)      0.00 (   0.00)    2.73e-03     4.74e-03
 9856  9856      0.00 (   0.00)     106.75 (5000.17)      0.00 (   0.00)    4.39e-06     4.73e-03
 9984  9984      0.00 (   0.00)     107.25 (5000.85)      0.00 (   0.00)    4.44e-03     4.68e-03
10112 10112      0.00 (   0.00)     106.61 (5001.47)      0.00 (   0.00)    4.59e-03     4.66e-03
10240 10240      0.00 (   0.00)     107.19 (5001.17)      0.00 (   0.00)    4.53e-03     4.63e-03
