% MAGMA 2.7.0  32-bit magma_int_t, 64-bit pointer.
% Compiled with CUDA support for 8.0
% CUDA runtime 11070, driver 12000. OpenMP threads 16. 
% device 0: NVIDIA A30 MIG 2g.12gb, 1110.0 MHz clock, 11968.0 MiB memory, capability 8.0
% Tue Apr  4 14:25:43 2023
% Usage: /homelocal/jcamar02/magma-2.7.0/build/testing/testing_dgemv [options] [-h|--help]

% trans = No transpose
%   M     N   MAGMA Gflop/s (ms)  cuBLAS Gflop/s (ms)   CPU Gflop/s (ms)  MAGMA error  cuBLAS error
%==================================================================================================
  128   128      0.00 (   0.00)       3.08 (5000.01)      0.00 (   0.00)         nan     4.05e-02
  256   256      0.00 (   0.00)      11.60 (5000.01)      0.00 (   0.00)    2.17e-04     2.85e-02
  384   384      0.00 (   0.00)      13.45 (5000.02)      0.00 (   0.00)    1.10e-04     2.37e-02
  512   512      0.00 (   0.00)      22.06 (5000.01)      0.00 (   0.00)    7.01e-05     2.04e-02
  640   640      0.00 (   0.00)      32.15 (5000.01)      0.00 (   0.00)    5.16e-05     1.86e-02
  768   768      0.00 (   0.00)      35.80 (5000.00)      0.00 (   0.00)    4.00e-05     1.69e-02
  896   896      0.00 (   0.00)      45.76 (5000.02)      0.00 (   0.00)    1.20e-02     1.57e-02
 1024  1024      0.00 (   0.00)      54.56 (5000.00)      0.00 (   0.00)    3.87e-05     1.46e-02
 1152  1152      0.00 (   0.00)      61.48 (5000.01)      0.00 (   0.00)    1.40e-03     1.37e-02
 1280  1280      0.00 (   0.00)      67.44 (5000.05)      0.00 (   0.00)    1.72e-05     1.32e-02
 1408  1408      0.00 (   0.00)      69.27 (5000.00)      0.00 (   0.00)    3.34e-05     1.25e-02
 1536  1536      0.00 (   0.00)      70.52 (5000.05)      0.00 (   0.00)    1.42e-05     1.19e-02
 1664  1664      0.00 (   0.00)      71.63 (5000.03)      0.00 (   0.00)    2.73e-05     1.15e-02
 1792  1792      0.00 (   0.00)      79.66 (5000.03)      0.00 (   0.00)    1.43e-05     1.11e-02
 1920  1920      0.00 (   0.00)      72.65 (5000.09)      0.00 (   0.00)    3.60e-03     1.07e-02
 2048  2048      0.00 (   0.00)      81.68 (5000.04)      0.00 (   0.00)    1.07e-05     1.02e-02
 2176  2176      0.00 (   0.00)      84.39 (5000.10)      0.00 (   0.00)    5.05e-03     9.99e-03
 2304  2304      0.00 (   0.00)      80.13 (5000.02)      0.00 (   0.00)    1.04e-05     9.75e-03
 2432  2432      0.00 (   0.00)      82.44 (5000.01)      0.00 (   0.00)    7.06e-03     9.50e-03
 2560  2560      0.00 (   0.00)      85.04 (5000.02)      0.00 (   0.00)    8.79e-03     9.27e-03
 2688  2688      0.00 (   0.00)      91.05 (5000.03)      0.00 (   0.00)    8.57e-03     9.03e-03
 2816  2816      0.00 (   0.00)      88.58 (5000.07)      0.00 (   0.00)         nan     8.83e-03
 2944  2944      0.00 (   0.00)      91.31 (5000.12)      0.00 (   0.00)    7.12e-03     8.63e-03
 3072  3072      0.00 (   0.00)      91.84 (5000.01)      0.00 (   0.00)         nan     8.41e-03
 3200  3200      0.00 (   0.00)      92.51 (5000.04)      0.00 (   0.00)    4.81e-03     8.29e-03
 3328  3328      0.00 (   0.00)      95.34 (5000.07)      0.00 (   0.00)         nan     8.13e-03
 3456  3456      0.00 (   0.00)      96.80 (5000.11)      0.00 (   0.00)         nan     7.96e-03
 3584  3584      0.00 (   0.00)      97.17 (5000.16)      0.00 (   0.00)         nan     7.83e-03
 3712  3712      0.00 (   0.00)      96.89 (5000.06)      0.00 (   0.00)         nan     7.70e-03
 3840  3840      0.00 (   0.00)      99.11 (5000.25)      0.00 (   0.00)         nan     7.54e-03
 3968  3968      0.00 (   0.00)      97.79 (5000.25)      0.00 (   0.00)         nan     7.41e-03
 4096  4096      0.00 (   0.00)      99.60 (5000.21)      0.00 (   0.00)         nan     7.31e-03
 4224  4224      0.00 (   0.00)      98.30 (5000.22)      0.00 (   0.00)         nan     7.19e-03
 4352  4352      0.00 (   0.00)      99.65 (5000.02)      0.00 (   0.00)         nan     7.09e-03
 4480  4480      0.00 (   0.00)     100.83 (5000.15)      0.00 (   0.00)         nan     7.00e-03
 4608  4608      0.00 (   0.00)     102.07 (5000.11)      0.00 (   0.00)         nan     6.91e-03
 4736  4736      0.00 (   0.00)     100.91 (5000.11)      0.00 (   0.00)         nan     6.81e-03
 4864  4864      0.00 (   0.00)     100.88 (5000.35)      0.00 (   0.00)         nan     6.70e-03
 4992  4992      0.00 (   0.00)     101.85 (5000.32)      0.00 (   0.00)         nan     6.63e-03
 5120  5120      0.00 (   0.00)     103.05 (5000.04)      0.00 (   0.00)         nan     6.52e-03
 5248  5248      0.00 (   0.00)     103.51 (5000.35)      0.00 (   0.00)         nan     6.45e-03
 5376  5376      0.00 (   0.00)     102.61 (5000.20)      0.00 (   0.00)         nan     6.42e-03
 5504  5504      0.00 (   0.00)     101.49 (5000.54)      0.00 (   0.00)         nan     6.32e-03
 5632  5632      0.00 (   0.00)     100.48 (5000.61)      0.00 (   0.00)         nan     6.24e-03
 5760  5760      0.00 (   0.00)     103.98 (5000.60)      0.00 (   0.00)         nan     6.19e-03
 5888  5888      0.00 (   0.00)     103.28 (5000.27)      0.00 (   0.00)         nan     6.11e-03
 6016  6016      0.00 (   0.00)     102.93 (5000.20)      0.00 (   0.00)         nan     6.05e-03
 6144  6144      0.00 (   0.00)      96.01 (5000.49)      0.00 (   0.00)         nan     5.98e-03
 6272  6272      0.00 (   0.00)     103.61 (5000.26)      0.00 (   0.00)         nan     5.90e-03
 6400  6400      0.00 (   0.00)     104.49 (5000.12)      0.00 (   0.00)         nan     5.85e-03
 6528  6528      0.00 (   0.00)     104.55 (5000.24)      0.00 (   0.00)         nan     5.80e-03
 6656  6656      0.00 (   0.00)     103.44 (5000.83)      0.00 (   0.00)         nan     5.73e-03
 6784  6784      0.00 (   0.00)     104.62 (5000.65)      0.00 (   0.00)         nan     5.70e-03
 6912  6912      0.00 (   0.00)     105.28 (5000.78)      0.00 (   0.00)         nan     5.66e-03
 7040  7040      0.00 (   0.00)     104.40 (5000.40)      0.00 (   0.00)         nan     5.56e-03
 7168  7168      0.00 (   0.00)     104.08 (5000.45)      0.00 (   0.00)         nan     5.54e-03
 7296  7296      0.00 (   0.00)     104.69 (5000.11)      0.00 (   0.00)         nan     5.49e-03
 7424  7424      0.00 (   0.00)     105.63 (5000.19)      0.00 (   0.00)         nan     5.43e-03
 7552  7552      0.00 (   0.00)     105.51 (5000.54)      0.00 (   0.00)         nan     5.40e-03
 7680  7680      0.00 (   0.00)     105.84 (5000.73)      0.00 (   0.00)         nan     5.34e-03
 7808  7808      0.00 (   0.00)     104.43 (5000.07)      0.00 (   0.00)         nan     5.29e-03
 7936  7936      0.00 (   0.00)     106.02 (5000.27)      0.00 (   0.00)         nan     5.26e-03
 8064  8064      0.00 (   0.00)     105.72 (5001.14)      0.00 (   0.00)         nan     5.23e-03
 8192  8192      0.00 (   0.00)     106.64 (5000.92)      0.00 (   0.00)    6.28e-04     5.16e-03
 8320  8320      0.00 (   0.00)     106.17 (5000.22)      0.00 (   0.00)         nan     5.15e-03
 8448  8448      0.00 (   0.00)     104.97 (5000.61)      0.00 (   0.00)         nan     5.09e-03
 8576  8576      0.00 (   0.00)     105.87 (5000.91)      0.00 (   0.00)    5.93e-04     5.06e-03
 8704  8704      0.00 (   0.00)     106.63 (5000.80)      0.00 (   0.00)         nan     5.03e-03
 8832  8832      0.00 (   0.00)     106.63 (5001.22)      0.00 (   0.00)         nan     5.00e-03
 8960  8960      0.00 (   0.00)     106.13 (5000.72)      0.00 (   0.00)    5.70e-04     4.96e-03
 9088  9088      0.00 (   0.00)     106.49 (5001.40)      0.00 (   0.00)         nan     4.91e-03
 9216  9216      0.00 (   0.00)     104.56 (5000.90)      0.00 (   0.00)         nan     4.87e-03
 9344  9344      0.00 (   0.00)     106.58 (5000.99)      0.00 (   0.00)    5.39e-04     4.85e-03
 9472  9472      0.00 (   0.00)     106.49 (5000.09)      0.00 (   0.00)         nan     4.82e-03
 9600  9600      0.00 (   0.00)     106.54 (5000.22)      0.00 (   0.00)    5.29e-04     4.79e-03
 9728  9728      0.00 (   0.00)     107.17 (5000.27)      0.00 (   0.00)         nan     4.74e-03
 9856  9856      0.00 (   0.00)     106.85 (5000.54)      0.00 (   0.00)    5.13e-04     4.73e-03
 9984  9984      0.00 (   0.00)     107.39 (5001.74)      0.00 (   0.00)         nan     4.68e-03
10112 10112      0.00 (   0.00)     106.65 (5001.20)      0.00 (   0.00)    5.03e-04     4.66e-03
10240 10240      0.00 (   0.00)     107.20 (5000.66)      0.00 (   0.00)         nan     4.63e-03
10368 10368      0.00 (   0.00)     107.43 (5001.45)      0.00 (   0.00)    4.92e-04     4.60e-03
10496 10496      0.00 (   0.00)     107.90 (5001.54)      0.00 (   0.00)         nan     4.57e-03
10624 10624      0.00 (   0.00)     107.65 (5001.59)      0.00 (   0.00)    4.80e-04     4.54e-03
10752 10752      0.00 (   0.00)     107.09 (5000.69)      0.00 (   0.00)         nan     4.53e-03
10880 10880      0.00 (   0.00)     106.96 (5000.39)      0.00 (   0.00)    4.70e-04     4.50e-03
11008 11008      0.00 (   0.00)     107.24 (5001.57)      0.00 (   0.00)         nan     4.45e-03
11136 11136      0.00 (   0.00)     107.28 (5001.28)      0.00 (   0.00)    4.55e-04     4.44e-03
11264 11264      0.00 (   0.00)      98.59 (5001.23)      0.00 (   0.00)         nan     4.41e-03
11392 11392      0.00 (   0.00)     107.08 (5000.93)      0.00 (   0.00)    4.27e-03     4.40e-03
11520 11520      0.00 (   0.00)     107.81 (5000.67)      0.00 (   0.00)    9.89e-04     4.37e-03
11648 11648      0.00 (   0.00)     106.34 (5001.67)      0.00 (   0.00)    4.19e-03     4.34e-03
11776 11776      0.00 (   0.00)     107.08 (5001.78)      0.00 (   0.00)    4.26e-03     4.32e-03
11904 11904      0.00 (   0.00)     107.57 (5001.16)      0.00 (   0.00)    9.23e-04     4.29e-03
12032 12032      0.00 (   0.00)     107.70 (5000.62)      0.00 (   0.00)    4.09e-03     4.28e-03
12160 12160      0.00 (   0.00)     108.03 (5001.90)      0.00 (   0.00)    4.26e-03     4.24e-03
12288 12288      0.00 (   0.00)      78.81 (5001.25)      0.00 (   0.00)    8.64e-04     4.23e-03
12416 12416      0.00 (   0.00)     107.89 (5001.33)      0.00 (   0.00)    4.06e-03     4.21e-03
12544 12544      0.00 (   0.00)     107.92 (5001.69)      0.00 (   0.00)    4.16e-03     4.18e-03
12672 12672      0.00 (   0.00)     107.67 (5002.56)      0.00 (   0.00)    8.17e-04     4.17e-03
12800 12800      0.00 (   0.00)     108.25 (5001.04)      0.00 (   0.00)    3.98e-03     4.15e-03
12928 12928      0.00 (   0.00)     107.54 (5001.65)      0.00 (   0.00)    4.10e-03     4.12e-03
13056 13056      0.00 (   0.00)     108.25 (5001.52)      0.00 (   0.00)    7.65e-04     4.11e-03
13184 13184      0.00 (   0.00)     107.00 (5000.31)      0.00 (   0.00)    3.96e-03     4.09e-03
13312 13312      0.00 (   0.00)     107.62 (5002.76)      0.00 (   0.00)    5.35e-07     4.05e-03
13440 13440      0.00 (   0.00)     107.82 (5003.12)      0.00 (   0.00)    8.59e-04     4.04e-03
13568 13568      0.00 (   0.00)     107.84 (5002.08)      0.00 (   0.00)    8.96e-07     4.02e-03
13696 13696      0.00 (   0.00)     108.03 (5000.90)      0.00 (   0.00)    1.22e-03     4.00e-03
13824 13824      0.00 (   0.00)     107.61 (5001.32)      0.00 (   0.00)    1.40e-06     3.99e-03
13952 13952      0.00 (   0.00)     107.71 (5002.99)      0.00 (   0.00)    1.96e-06     3.96e-03
14080 14080      0.00 (   0.00)     107.86 (5003.17)      0.00 (   0.00)    2.50e-06     3.94e-03
14208 14208      0.00 (   0.00)     108.28 (5000.44)      0.00 (   0.00)    3.03e-06     3.93e-03
14336 14336      0.00 (   0.00)     107.00 (5002.16)      0.00 (   0.00)    3.53e-06     3.92e-03
14464 14464      0.00 (   0.00)     107.81 (5002.98)      0.00 (   0.00)    4.04e-06     3.90e-03
14592 14592      0.00 (   0.00)     107.91 (5000.46)      0.00 (   0.00)    4.54e-06     3.88e-03
14720 14720      0.00 (   0.00)     108.04 (5002.10)      0.00 (   0.00)    4.99e-06     3.86e-03
14848 14848      0.00 (   0.00)     108.40 (5003.30)      0.00 (   0.00)    5.44e-06     3.85e-03
14976 14976      0.00 (   0.00)     107.73 (5000.81)      0.00 (   0.00)    5.89e-06     3.83e-03
15104 15104      0.00 (   0.00)      18.82 (5018.84)      0.00 (   0.00)    6.33e-06     3.80e-03
15232 15232      0.00 (   0.00)     102.03 (5003.13)      0.00 (   0.00)    6.78e-06     3.79e-03
15360 15360      0.00 (   0.00)     106.15 (5000.96)      0.00 (   0.00)    7.10e-06     3.79e-03
15488 15488      0.00 (   0.00)     107.11 (5003.27)      0.00 (   0.00)    7.54e-06     3.77e-03
15616 15616      0.00 (   0.00)     108.37 (5000.54)      0.00 (   0.00)    7.85e-06     3.76e-03
15744 15744      0.00 (   0.00)     106.57 (5001.14)      0.00 (   0.00)    8.26e-06     3.74e-03
15872 15872      0.00 (   0.00)     108.74 (5000.01)      0.00 (   0.00)    8.65e-06     3.72e-03
16000 16000      0.00 (   0.00)     108.16 (5003.86)      0.00 (   0.00)    8.99e-06     3.71e-03
16128 16128      0.00 (   0.00)     108.58 (5002.49)      0.00 (   0.00)    9.29e-06     3.69e-03
16256 16256      0.00 (   0.00)     107.95 (5003.81)      0.00 (   0.00)    9.61e-06     3.67e-03
16384 16384      0.00 (   0.00)     109.01 (5004.17)      0.00 (   0.00)    9.93e-06     3.66e-03
16512 16512      0.00 (   0.00)     108.47 (5002.29)      0.00 (   0.00)    1.02e-05     3.65e-03
16640 16640      0.00 (   0.00)     108.61 (5002.29)      0.00 (   0.00)    1.05e-05     3.63e-03
16768 16768      0.00 (   0.00)     108.45 (5004.18)      0.00 (   0.00)    1.08e-05     3.62e-03
16896 16896      0.00 (   0.00)     103.05 (5003.37)      0.00 (   0.00)    1.11e-05     3.60e-03
17024 17024      0.00 (   0.00)     108.20 (5003.93)      0.00 (   0.00)    1.13e-05     3.59e-03
17152 17152      0.00 (   0.00)     108.20 (5002.97)      0.00 (   0.00)    1.15e-05     3.58e-03
17280 17280      0.00 (   0.00)     108.79 (5001.16)      0.00 (   0.00)    1.19e-05     3.56e-03
17408 17408      0.00 (   0.00)     108.44 (5002.43)      0.00 (   0.00)    1.21e-05     3.55e-03
17536 17536      0.00 (   0.00)     108.78 (5003.75)      0.00 (   0.00)    1.24e-05     3.54e-03
17664 17664      0.00 (   0.00)     108.13 (5004.05)      0.00 (   0.00)    1.26e-05     3.52e-03
17792 17792      0.00 (   0.00)     108.56 (5004.01)      0.00 (   0.00)    1.28e-05     3.52e-03
17920 17920      0.00 (   0.00)     108.25 (5001.65)      0.00 (   0.00)    1.30e-05     3.50e-03
18048 18048      0.00 (   0.00)     108.47 (5002.99)      0.00 (   0.00)    1.33e-05     3.49e-03
18176 18176      0.00 (   0.00)     108.73 (5001.63)      0.00 (   0.00)    1.34e-05     3.47e-03
18304 18304      0.00 (   0.00)     106.93 (5000.87)      0.00 (   0.00)    1.36e-05     3.47e-03
18432 18432      0.00 (   0.00)      99.49 (5006.36)      0.00 (   0.00)    1.38e-05     3.45e-03
18560 18560      0.00 (   0.00)     108.39 (5002.57)      0.00 (   0.00)    1.40e-05     3.45e-03
18688 18688      0.00 (   0.00)     107.62 (5004.39)      0.00 (   0.00)    3.18e-07     3.43e-03
18816 18816      0.00 (   0.00)     108.43 (5002.36)      0.00 (   0.00)    3.87e-04     3.41e-03
18944 18944      0.00 (   0.00)     108.02 (5003.78)      0.00 (   0.00)    3.15e-07     3.40e-03
19072 19072      0.00 (   0.00)     108.30 (5004.71)      0.00 (   0.00)    3.35e-03     3.39e-03
19200 19200      0.00 (   0.00)     108.83 (5006.68)      0.00 (   0.00)    3.73e-04     3.37e-03
19328 19328      0.00 (   0.00)     107.87 (5001.19)      0.00 (   0.00)    3.04e-07     3.37e-03
19456 19456      0.00 (   0.00)     108.95 (5003.22)      0.00 (   0.00)    3.31e-03     3.36e-03
19584 19584      0.00 (   0.00)     108.67 (5004.97)      0.00 (   0.00)    3.57e-04     3.34e-03
19712 19712      0.00 (   0.00)     108.16 (5001.02)      0.00 (   0.00)    2.95e-07     3.33e-03
19840 19840      0.00 (   0.00)     108.68 (5005.87)      0.00 (   0.00)    3.27e-03     3.33e-03
19968 19968      0.00 (   0.00)     108.68 (5004.52)      0.00 (   0.00)    3.43e-04     3.32e-03
20096 20096      0.00 (   0.00)     108.49 (5003.08)      0.00 (   0.00)    2.86e-07     3.30e-03
20224 20224      0.00 (   0.00)     108.64 (5000.11)      0.00 (   0.00)    3.25e-03     3.30e-03
20352 20352      0.00 (   0.00)     106.65 (5002.64)      0.00 (   0.00)    3.31e-04     3.29e-03
20480 20480      0.00 (   0.00)     109.21 (5000.89)      0.00 (   0.00)    2.77e-07     3.28e-03
