% MAGMA 2.7.0  32-bit magma_int_t, 64-bit pointer.
% Compiled with CUDA support for 8.0
% CUDA runtime 11070, driver 12000. OpenMP threads 16. 
% device 0: NVIDIA A30 MIG 4g.24gb, 1110.0 MHz clock, 24092.4 MiB memory, capability 8.0
% Tue Apr  4 14:46:28 2023
% Usage: /homelocal/jcamar02/magma-2.7.0/build/testing/testing_dgemv [options] [-h|--help]

% trans = No transpose
%   M     N   MAGMA Gflop/s (ms)  cuBLAS Gflop/s (ms)   CPU Gflop/s (ms)  MAGMA error  cuBLAS error
%==================================================================================================
  128   128      0.00 (   0.00)       2.84 (5000.01)      0.00 (   0.00)    1.17e+278     4.05e-02
  256   256      0.00 (   0.00)       6.25 (5000.00)      0.00 (   0.00)    2.17e-04     2.85e-02
  384   384      0.00 (   0.00)      13.55 (5000.00)      0.00 (   0.00)    1.12e-04     2.37e-02
  512   512      0.00 (   0.00)      23.25 (5000.01)      0.00 (   0.00)    6.97e-05     2.04e-02
  640   640      0.00 (   0.00)      34.47 (5000.00)      0.00 (   0.00)    4.85e-05     1.86e-02
  768   768      0.00 (   0.00)      39.47 (5000.02)      0.00 (   0.00)    6.71e-05     1.69e-02
  896   896      0.00 (   0.00)      51.47 (5000.02)      0.00 (   0.00)    3.02e-05     1.57e-02
 1024  1024      0.00 (   0.00)      62.73 (5000.03)      0.00 (   0.00)    4.08e-05     1.46e-02
 1152  1152      0.00 (   0.00)      76.70 (5000.01)      0.00 (   0.00)    2.11e-05     1.37e-02
 1280  1280      0.00 (   0.00)      89.36 (5000.01)      0.00 (   0.00)    1.73e-05     1.32e-02
 1408  1408      0.00 (   0.00)     101.57 (5000.01)      0.00 (   0.00)    2.71e-05     1.25e-02
 1536  1536      0.00 (   0.00)     121.19 (5000.03)      0.00 (   0.00)    1.90e-05     1.19e-02
 1664  1664      0.00 (   0.00)     110.98 (5000.01)      0.00 (   0.00)    1.20e-05     1.15e-02
 1792  1792      0.00 (   0.00)     123.86 (5000.00)      0.00 (   0.00)    2.72e-03     1.11e-02
 1920  1920      0.00 (   0.00)     133.98 (5000.02)      0.00 (   0.00)    1.72e-05     1.07e-02
 2048  2048      0.00 (   0.00)     139.05 (5000.06)      0.00 (   0.00)    2.32e-03     1.02e-02
 2176  2176      0.00 (   0.00)     144.81 (5000.02)      0.00 (   0.00)    1.91e-05     9.99e-03
 2304  2304      0.00 (   0.00)     150.65 (5000.04)      0.00 (   0.00)    8.53e-03     9.75e-03
 2432  2432      0.00 (   0.00)     135.96 (5000.02)      0.00 (   0.00)    3.97e-03     9.50e-03
 2560  2560      0.00 (   0.00)     158.41 (5000.04)      0.00 (   0.00)    7.72e-03     9.27e-03
 2688  2688      0.00 (   0.00)     155.79 (5000.09)      0.00 (   0.00)    8.57e-03     9.03e-03
 2816  2816      0.00 (   0.00)     175.51 (5000.05)      0.00 (   0.00)         nan     8.83e-03
 2944  2944      0.00 (   0.00)     179.64 (5000.06)      0.00 (   0.00)         nan     8.63e-03
 3072  3072      0.00 (   0.00)     171.61 (5000.08)      0.00 (   0.00)         nan     8.41e-03
 3200  3200      0.00 (   0.00)     167.85 (5000.10)      0.00 (   0.00)         nan     8.29e-03
 3328  3328      0.00 (   0.00)     173.96 (5000.06)      0.00 (   0.00)         nan     8.13e-03
 3456  3456      0.00 (   0.00)     178.24 (5000.01)      0.00 (   0.00)         nan     7.96e-03
 3584  3584      0.00 (   0.00)     182.55 (5000.12)      0.00 (   0.00)         nan     7.83e-03
 3712  3712      0.00 (   0.00)     175.29 (5000.13)      0.00 (   0.00)         nan     7.70e-03
 3840  3840      0.00 (   0.00)     178.09 (5000.03)      0.00 (   0.00)         nan     7.54e-03
 3968  3968      0.00 (   0.00)     174.84 (5000.08)      0.00 (   0.00)         nan     7.41e-03
 4096  4096      0.00 (   0.00)     184.86 (5000.11)      0.00 (   0.00)         nan     7.31e-03
 4224  4224      0.00 (   0.00)     188.75 (5000.11)      0.00 (   0.00)         nan     7.19e-03
 4352  4352      0.00 (   0.00)     190.04 (5000.03)      0.00 (   0.00)         nan     7.09e-03
 4480  4480      0.00 (   0.00)     192.17 (5000.19)      0.00 (   0.00)         nan     7.00e-03
 4608  4608      0.00 (   0.00)     193.73 (5000.01)      0.00 (   0.00)         nan     6.91e-03
 4736  4736      0.00 (   0.00)     191.65 (5000.06)      0.00 (   0.00)         nan     6.81e-03
 4864  4864      0.00 (   0.00)     186.31 (5000.07)      0.00 (   0.00)         nan     6.70e-03
 4992  4992      0.00 (   0.00)     192.11 (5000.12)      0.00 (   0.00)         nan     6.63e-03
 5120  5120      0.00 (   0.00)     194.71 (5000.27)      0.00 (   0.00)         nan     6.52e-03
 5248  5248      0.00 (   0.00)     197.24 (5000.08)      0.00 (   0.00)         nan     6.45e-03
 5376  5376      0.00 (   0.00)     198.88 (5000.28)      0.00 (   0.00)         nan     6.42e-03
 5504  5504      0.00 (   0.00)     196.86 (5000.12)      0.00 (   0.00)         nan     6.32e-03
 5632  5632      0.00 (   0.00)     199.77 (5000.16)      0.00 (   0.00)         nan     6.24e-03
 5760  5760      0.00 (   0.00)     200.55 (5000.33)      0.00 (   0.00)         nan     6.19e-03
 5888  5888      0.00 (   0.00)     201.34 (5000.20)      0.00 (   0.00)         nan     6.11e-03
 6016  6016      0.00 (   0.00)     196.86 (5000.35)      0.00 (   0.00)         nan     6.05e-03
 6144  6144      0.00 (   0.00)     195.82 (5000.13)      0.00 (   0.00)         nan     5.98e-03
 6272  6272      0.00 (   0.00)     198.90 (5000.21)      0.00 (   0.00)         nan     5.90e-03
 6400  6400      0.00 (   0.00)     201.81 (5000.15)      0.00 (   0.00)         nan     5.85e-03
 6528  6528      0.00 (   0.00)     203.94 (5000.27)      0.00 (   0.00)         nan     5.80e-03
 6656  6656      0.00 (   0.00)     198.44 (5000.35)      0.00 (   0.00)         nan     5.73e-03
 6784  6784      0.00 (   0.00)     205.69 (5000.20)      0.00 (   0.00)         nan     5.70e-03
 6912  6912      0.00 (   0.00)     203.59 (5000.11)      0.00 (   0.00)         nan     5.66e-03
 7040  7040      0.00 (   0.00)     204.43 (5000.34)      0.00 (   0.00)         nan     5.56e-03
 7168  7168      0.00 (   0.00)     205.15 (5000.17)      0.00 (   0.00)         nan     5.54e-03
 7296  7296      0.00 (   0.00)     203.02 (5000.33)      0.00 (   0.00)         nan     5.49e-03
 7424  7424      0.00 (   0.00)     202.87 (5000.11)      0.00 (   0.00)         nan     5.43e-03
 7552  7552      0.00 (   0.00)     204.41 (5000.02)      0.00 (   0.00)         nan     5.40e-03
 7680  7680      0.00 (   0.00)     208.11 (5000.06)      0.00 (   0.00)         nan     5.34e-03
 7808  7808      0.00 (   0.00)     206.04 (5000.46)      0.00 (   0.00)         nan     5.29e-03
 7936  7936      0.00 (   0.00)     207.09 (5000.45)      0.00 (   0.00)         nan     5.26e-03
 8064  8064      0.00 (   0.00)     208.69 (5000.53)      0.00 (   0.00)         nan     5.23e-03
 8192  8192      0.00 (   0.00)     208.95 (5000.52)      0.00 (   0.00)         nan     5.16e-03
 8320  8320      0.00 (   0.00)     208.10 (5000.28)      0.00 (   0.00)         nan     5.15e-03
 8448  8448      0.00 (   0.00)     205.29 (5000.58)      0.00 (   0.00)         nan     5.09e-03
 8576  8576      0.00 (   0.00)     203.80 (5000.24)      0.00 (   0.00)         nan     5.06e-03
 8704  8704      0.00 (   0.00)     207.27 (5000.03)      0.00 (   0.00)         nan     5.03e-03
 8832  8832      0.00 (   0.00)     207.45 (5000.75)      0.00 (   0.00)    5.75e-04     5.00e-03
 8960  8960      0.00 (   0.00)     205.52 (5000.54)      0.00 (   0.00)         nan     4.96e-03
 9088  9088      0.00 (   0.00)     209.94 (5000.02)      0.00 (   0.00)         nan     4.91e-03
 9216  9216      0.00 (   0.00)     206.23 (5000.36)      0.00 (   0.00)    5.51e-04     4.87e-03
 9344  9344      0.00 (   0.00)     207.15 (5000.25)      0.00 (   0.00)         nan     4.85e-03
 9472  9472      0.00 (   0.00)     204.69 (5000.81)      0.00 (   0.00)         nan     4.82e-03
 9600  9600      0.00 (   0.00)     207.59 (5000.28)      0.00 (   0.00)    5.29e-04     4.79e-03
 9728  9728      0.00 (   0.00)     204.77 (5000.89)      0.00 (   0.00)         nan     4.74e-03
 9856  9856      0.00 (   0.00)     199.30 (5000.47)      0.00 (   0.00)    3.70e-06     4.73e-03
 9984  9984      0.00 (   0.00)     209.39 (5000.94)      0.00 (   0.00)    5.13e-04     4.68e-03
10112 10112      0.00 (   0.00)     208.92 (5000.44)      0.00 (   0.00)         nan     4.66e-03
10240 10240      0.00 (   0.00)     207.89 (5000.04)      0.00 (   0.00)    4.93e-04     4.63e-03
10368 10368      0.00 (   0.00)     209.60 (5000.85)      0.00 (   0.00)         nan     4.60e-03
10496 10496      0.00 (   0.00)     208.28 (5001.01)      0.00 (   0.00)    4.85e-04     4.57e-03
10624 10624      0.00 (   0.00)     203.77 (5000.00)      0.00 (   0.00)         nan     4.54e-03
10752 10752      0.00 (   0.00)     209.31 (5001.10)      0.00 (   0.00)         nan     4.53e-03
10880 10880      0.00 (   0.00)     196.61 (5000.06)      0.00 (   0.00)    4.18e-05     4.50e-03
11008 11008      0.00 (   0.00)     210.45 (5000.68)      0.00 (   0.00)    4.28e-03     4.45e-03
11136 11136      0.00 (   0.00)     211.00 (5000.94)      0.00 (   0.00)    4.35e-03     4.44e-03
11264 11264      0.00 (   0.00)     212.58 (5000.79)      0.00 (   0.00)    1.01e-03     4.41e-03
11392 11392      0.00 (   0.00)     210.20 (5000.14)      0.00 (   0.00)    4.18e-03     4.40e-03
11520 11520      0.00 (   0.00)     212.84 (5001.12)      0.00 (   0.00)    4.36e-03     4.37e-03
11648 11648      0.00 (   0.00)     211.74 (5000.90)      0.00 (   0.00)    4.30e-03     4.34e-03
11776 11776      0.00 (   0.00)     212.73 (5000.40)      0.00 (   0.00)    9.29e-04     4.32e-03
11904 11904      0.00 (   0.00)     211.16 (5001.21)      0.00 (   0.00)    4.09e-03     4.29e-03
12032 12032      0.00 (   0.00)     210.91 (5000.20)      0.00 (   0.00)    6.16e-07     4.28e-03
12160 12160      0.00 (   0.00)     211.87 (5000.27)      0.00 (   0.00)    3.80e-03     4.24e-03
12288 12288      0.00 (   0.00)     195.48 (5001.22)      0.00 (   0.00)    1.03e-06     4.23e-03
12416 12416      0.00 (   0.00)     212.47 (5000.76)      0.00 (   0.00)    3.48e-03     4.21e-03
12544 12544      0.00 (   0.00)     213.47 (5000.99)      0.00 (   0.00)    1.63e-06     4.18e-03
12672 12672      0.00 (   0.00)     212.39 (5000.91)      0.00 (   0.00)    3.22e-03     4.17e-03
12800 12800      0.00 (   0.00)     213.52 (5000.36)      0.00 (   0.00)    2.21e-06     4.15e-03
12928 12928      0.00 (   0.00)     207.96 (5000.78)      0.00 (   0.00)    2.96e-03     4.12e-03
13056 13056      0.00 (   0.00)     203.21 (5001.51)      0.00 (   0.00)    2.76e-06     4.11e-03
13184 13184      0.00 (   0.00)     208.92 (5000.57)      0.00 (   0.00)    2.69e-03     4.09e-03
13312 13312      0.00 (   0.00)     206.27 (5000.52)      0.00 (   0.00)    3.30e-06     4.05e-03
13440 13440      0.00 (   0.00)     210.20 (5001.66)      0.00 (   0.00)    2.47e-03     4.04e-03
13568 13568      0.00 (   0.00)     209.51 (5001.68)      0.00 (   0.00)    3.79e-06     4.02e-03
13696 13696      0.00 (   0.00)     210.04 (5001.65)      0.00 (   0.00)    2.24e-03     4.00e-03
13824 13824      0.00 (   0.00)     209.57 (5001.06)      0.00 (   0.00)    4.22e-06     3.99e-03
13952 13952      0.00 (   0.00)     211.49 (5000.02)      0.00 (   0.00)    2.00e-03     3.96e-03
14080 14080      0.00 (   0.00)     208.79 (5000.42)      0.00 (   0.00)    4.68e-06     3.94e-03
14208 14208      0.00 (   0.00)     211.32 (5000.13)      0.00 (   0.00)    1.77e-03     3.93e-03
14336 14336      0.00 (   0.00)     210.44 (5000.57)      0.00 (   0.00)    5.04e-06     3.92e-03
14464 14464      0.00 (   0.00)     211.90 (5000.10)      0.00 (   0.00)    1.54e-03     3.90e-03
14592 14592      0.00 (   0.00)     211.90 (5000.35)      0.00 (   0.00)    5.45e-06     3.88e-03
14720 14720      0.00 (   0.00)     214.08 (5000.19)      0.00 (   0.00)    1.48e-03     3.86e-03
14848 14848      0.00 (   0.00)     213.07 (5000.05)      0.00 (   0.00)    5.76e-06     3.85e-03
14976 14976      0.00 (   0.00)     214.75 (5000.88)      0.00 (   0.00)    6.20e-06     3.83e-03
15104 15104      0.00 (   0.00)     213.68 (5001.20)      0.00 (   0.00)    6.63e-06     3.80e-03
15232 15232      0.00 (   0.00)     214.33 (5001.42)      0.00 (   0.00)    7.06e-06     3.79e-03
15360 15360      0.00 (   0.00)     214.98 (5000.37)      0.00 (   0.00)    7.38e-06     3.79e-03
15488 15488      0.00 (   0.00)     213.46 (5001.01)      0.00 (   0.00)    7.80e-06     3.77e-03
15616 15616      0.00 (   0.00)     212.82 (5000.91)      0.00 (   0.00)    8.10e-06     3.76e-03
15744 15744      0.00 (   0.00)     213.04 (5001.10)      0.00 (   0.00)    8.51e-06     3.74e-03
15872 15872      0.00 (   0.00)     214.28 (5001.63)      0.00 (   0.00)    8.89e-06     3.72e-03
16000 16000      0.00 (   0.00)     211.80 (5001.94)      0.00 (   0.00)    9.22e-06     3.71e-03
16128 16128      0.00 (   0.00)     212.76 (5000.55)      0.00 (   0.00)    9.52e-06     3.69e-03
16256 16256      0.00 (   0.00)     212.11 (5001.07)      0.00 (   0.00)    9.83e-06     3.67e-03
16384 16384      0.00 (   0.00)     213.19 (5001.62)      0.00 (   0.00)    1.01e-05     3.66e-03
16512 16512      0.00 (   0.00)     213.61 (5001.18)      0.00 (   0.00)    1.04e-05     3.65e-03
16640 16640      0.00 (   0.00)     213.61 (5001.30)      0.00 (   0.00)    1.07e-05     3.63e-03
16768 16768      0.00 (   0.00)     213.20 (5001.10)      0.00 (   0.00)    1.10e-05     3.62e-03
16896 16896      0.00 (   0.00)     213.16 (5001.00)      0.00 (   0.00)    1.13e-05     3.60e-03
17024 17024      0.00 (   0.00)     212.06 (5002.30)      0.00 (   0.00)    1.15e-05     3.59e-03
17152 17152      0.00 (   0.00)     214.22 (5001.92)      0.00 (   0.00)    1.17e-05     3.58e-03
17280 17280      0.00 (   0.00)     214.58 (5001.57)      0.00 (   0.00)    1.21e-05     3.56e-03
17408 17408      0.00 (   0.00)     216.06 (5001.91)      0.00 (   0.00)    1.23e-05     3.55e-03
17536 17536      0.00 (   0.00)     214.55 (5002.48)      0.00 (   0.00)    1.25e-05     3.54e-03
17664 17664      0.00 (   0.00)     214.29 (5000.44)      0.00 (   0.00)    1.28e-05     3.52e-03
17792 17792      0.00 (   0.00)     212.50 (5002.68)      0.00 (   0.00)    1.30e-05     3.52e-03
17920 17920      0.00 (   0.00)     213.55 (5001.79)      0.00 (   0.00)    1.32e-05     3.50e-03
18048 18048      0.00 (   0.00)     214.60 (5000.04)      0.00 (   0.00)    1.34e-05     3.49e-03
18176 18176      0.00 (   0.00)     215.19 (5002.02)      0.00 (   0.00)    1.36e-05     3.47e-03
18304 18304      0.00 (   0.00)     215.90 (5000.27)      0.00 (   0.00)    1.38e-05     3.47e-03
18432 18432      0.00 (   0.00)     210.70 (5002.10)      0.00 (   0.00)    1.40e-05     3.45e-03
18560 18560      0.00 (   0.00)     215.73 (5001.40)      0.00 (   0.00)    1.41e-05     3.45e-03
18688 18688      0.00 (   0.00)     215.05 (5002.14)      0.00 (   0.00)    1.43e-05     3.43e-03
18816 18816      0.00 (   0.00)     212.53 (5001.11)      0.00 (   0.00)    1.45e-05     3.41e-03
18944 18944      0.00 (   0.00)     215.36 (5002.71)      0.00 (   0.00)    1.47e-05     3.40e-03
19072 19072      0.00 (   0.00)     214.92 (5003.04)      0.00 (   0.00)    1.49e-05     3.39e-03
19200 19200      0.00 (   0.00)     214.72 (5003.17)      0.00 (   0.00)    1.51e-05     3.37e-03
19328 19328      0.00 (   0.00)     214.52 (5001.65)      0.00 (   0.00)    1.52e-05     3.37e-03
19456 19456      0.00 (   0.00)     213.35 (5000.16)      0.00 (   0.00)    1.53e-05     3.36e-03
19584 19584      0.00 (   0.00)     214.28 (5001.22)      0.00 (   0.00)    1.54e-05     3.34e-03
19712 19712      0.00 (   0.00)     212.47 (5000.08)      0.00 (   0.00)    1.56e-05     3.33e-03
19840 19840      0.00 (   0.00)     215.79 (5001.95)      0.00 (   0.00)    2.90e-07     3.33e-03
19968 19968      0.00 (   0.00)     214.84 (5000.09)      0.00 (   0.00)    3.61e-04     3.32e-03
20096 20096      0.00 (   0.00)     213.55 (5000.28)      0.00 (   0.00)    2.86e-07     3.30e-03
20224 20224      0.00 (   0.00)     215.95 (5000.33)      0.00 (   0.00)    3.25e-03     3.30e-03
20352 20352      0.00 (   0.00)     214.69 (5001.07)      0.00 (   0.00)    3.49e-04     3.29e-03
20480 20480      0.00 (   0.00)     215.56 (5000.95)      0.00 (   0.00)    2.77e-07     3.28e-03
