% MAGMA 2.7.0  32-bit magma_int_t, 64-bit pointer.
% Compiled with CUDA support for 8.0
% CUDA runtime 11070, driver 12000. OpenMP threads 16. 
% device 0: NVIDIA A30 MIG 1g.6gb, 1110.0 MHz clock, 5952.0 MiB memory, capability 8.0
% Sun Mar 26 23:21:04 2023
% Usage: /homelocal/jcamar02/magma-2.7.0/build/testing/testing_dgemv [options] [-h|--help]

% trans = No transpose
%   M     N   MAGMA Gflop/s (ms)  cuBLAS Gflop/s (ms)   CPU Gflop/s (ms)  MAGMA error  cuBLAS error
%==================================================================================================
  128   128      0.00 (   0.00)       2.95 (5000.00)      0.00 (   0.00)         nan     4.05e-02
  256   256      0.00 (   0.00)       6.02 (5000.01)      0.00 (   0.00)         nan     2.85e-02
  384   384      0.00 (   0.00)      10.06 (5000.00)      0.00 (   0.00)         nan     2.37e-02
  512   512      0.00 (   0.00)      16.29 (5000.02)      0.00 (   0.00)    6.74e-05     2.04e-02
  640   640      0.00 (   0.00)      22.33 (5000.01)      0.00 (   0.00)    4.99e-05     1.86e-02
  768   768      0.00 (   0.00)      30.03 (5000.01)      0.00 (   0.00)    3.80e-05     1.69e-02
  896   896      0.00 (   0.00)      33.67 (5000.02)      0.00 (   0.00)    5.30e-05     1.57e-02
 1024  1024      0.00 (   0.00)      30.92 (5000.06)      0.00 (   0.00)    2.54e-05     1.46e-02
 1152  1152      0.00 (   0.00)      33.67 (5000.00)      0.00 (   0.00)    2.16e-05     1.37e-02
 1280  1280      0.00 (   0.00)      40.24 (5000.04)      0.00 (   0.00)    1.74e-05     1.32e-02
 1408  1408      0.00 (   0.00)      37.06 (5000.00)      0.00 (   0.00)    1.49e-05     1.25e-02
 1536  1536      0.00 (   0.00)      39.23 (5000.05)      0.00 (   0.00)    2.30e-05     1.19e-02
 1664  1664      0.00 (   0.00)      41.02 (5000.10)      0.00 (   0.00)    1.72e-05     1.15e-02
 1792  1792      0.00 (   0.00)      41.98 (5000.07)      0.00 (   0.00)    1.08e-05     1.11e-02
 1920  1920      0.00 (   0.00)      43.18 (5000.03)      0.00 (   0.00)    2.50e-03     1.07e-02
 2048  2048      0.00 (   0.00)      45.62 (5000.04)      0.00 (   0.00)    1.54e-05     1.02e-02
 2176  2176      0.00 (   0.00)      43.88 (5000.07)      0.00 (   0.00)    8.84e-03     9.99e-03
 2304  2304      0.00 (   0.00)      44.85 (5000.01)      0.00 (   0.00)    3.65e-03     9.75e-03
 2432  2432      0.00 (   0.00)      45.40 (5000.01)      0.00 (   0.00)    7.63e-03     9.50e-03
 2560  2560      0.00 (   0.00)      46.01 (5000.00)      0.00 (   0.00)    8.82e-03     9.27e-03
 2688  2688      0.00 (   0.00)      46.46 (5000.04)      0.00 (   0.00)    2.83e-03     9.03e-03
 2816  2816      0.00 (   0.00)      44.47 (5000.16)      0.00 (   0.00)    7.45e-03     8.83e-03
 2944  2944      0.00 (   0.00)      45.53 (5000.28)      0.00 (   0.00)    5.19e-06     8.63e-03
 3072  3072      0.00 (   0.00)      45.60 (5000.31)      0.00 (   0.00)    5.49e-03     8.41e-03
 3200  3200      0.00 (   0.00)      47.41 (5000.38)      0.00 (   0.00)    7.69e-06     8.29e-03
 3328  3328      0.00 (   0.00)      49.83 (5000.10)      0.00 (   0.00)    3.93e-03     8.13e-03
 3456  3456      0.00 (   0.00)      49.81 (5000.44)      0.00 (   0.00)    1.07e-05     7.96e-03
 3584  3584      0.00 (   0.00)      49.85 (5000.48)      0.00 (   0.00)    3.75e-06     7.83e-03
 3712  3712      0.00 (   0.00)      51.22 (5000.10)      0.00 (   0.00)    3.62e-06     7.70e-03
 3840  3840      0.00 (   0.00)      51.34 (5000.41)      0.00 (   0.00)    5.93e-06     7.54e-03
 3968  3968      0.00 (   0.00)      51.22 (5000.60)      0.00 (   0.00)    5.22e-06     7.41e-03
 4096  4096      0.00 (   0.00)      51.84 (5000.56)      0.00 (   0.00)    8.92e-06     7.31e-03
 4224  4224      0.00 (   0.00)      51.46 (5000.51)      0.00 (   0.00)    7.20e-06     7.19e-03
 4352  4352      0.00 (   0.00)      50.23 (5000.64)      0.00 (   0.00)    1.14e-05     7.09e-03
 4480  4480      0.00 (   0.00)      50.53 (5000.61)      0.00 (   0.00)    8.56e-06     7.00e-03
 4608  4608      0.00 (   0.00)      49.54 (5000.57)      0.00 (   0.00)    1.36e-05     6.91e-03
 4736  4736      0.00 (   0.00)      51.90 (5000.24)      0.00 (   0.00)    9.48e-06     6.81e-03
 4864  4864      0.00 (   0.00)      51.67 (5000.19)      0.00 (   0.00)    1.54e-05     6.70e-03
 4992  4992      0.00 (   0.00)      50.75 (5000.69)      0.00 (   0.00)    9.89e-06     6.63e-03
 5120  5120      0.00 (   0.00)      51.91 (5000.34)      0.00 (   0.00)    1.70e-05     6.52e-03
 5248  5248      0.00 (   0.00)      52.05 (5000.43)      0.00 (   0.00)    1.00e-05     6.45e-03
 5376  5376      0.00 (   0.00)      51.30 (5000.73)      0.00 (   0.00)    2.03e-06     6.42e-03
 5504  5504      0.00 (   0.00)      52.23 (5000.74)      0.00 (   0.00)    9.04e-06     6.32e-03
 5632  5632      0.00 (   0.00)      53.13 (5000.70)      0.00 (   0.00)    3.12e-06     6.24e-03
 5760  5760      0.00 (   0.00)      53.61 (5000.16)      0.00 (   0.00)    9.23e-06     6.19e-03
 5888  5888      0.00 (   0.00)      52.86 (5000.84)      0.00 (   0.00)    4.30e-06     6.11e-03
 6016  6016      0.00 (   0.00)      52.43 (5001.02)      0.00 (   0.00)    9.56e-06     6.05e-03
 6144  6144      0.00 (   0.00)      41.40 (5001.28)      0.00 (   0.00)    5.30e-06     5.98e-03
 6272  6272      0.00 (   0.00)      52.85 (5001.00)      0.00 (   0.00)    1.01e-05     5.90e-03
 6400  6400      0.00 (   0.00)      53.00 (5001.30)      0.00 (   0.00)    5.97e-06     5.85e-03
 6528  6528      0.00 (   0.00)      53.91 (5000.95)      0.00 (   0.00)    1.07e-05     5.80e-03
 6656  6656      0.00 (   0.00)      54.63 (5001.19)      0.00 (   0.00)    6.22e-06     5.73e-03
 6784  6784      0.00 (   0.00)      53.01 (5000.15)      0.00 (   0.00)    1.15e-05     5.70e-03
 6912  6912      0.00 (   0.00)      53.35 (5001.60)      0.00 (   0.00)    6.28e-06     5.66e-03
 7040  7040      0.00 (   0.00)      53.17 (5001.02)      0.00 (   0.00)    1.23e-05     5.56e-03
 7168  7168      0.00 (   0.00)      52.12 (5000.51)      0.00 (   0.00)    6.27e-06     5.54e-03
 7296  7296      0.00 (   0.00)      53.18 (5001.98)      0.00 (   0.00)    1.30e-05     5.49e-03
 7424  7424      0.00 (   0.00)      53.46 (5001.14)      0.00 (   0.00)    6.29e-06     5.43e-03
 7552  7552      0.00 (   0.00)      13.31 (5004.77)      0.00 (   0.00)    1.36e-05     5.40e-03
 7680  7680      0.00 (   0.00)      51.17 (5000.81)      0.00 (   0.00)    6.16e-06     5.34e-03
 7808  7808      0.00 (   0.00)      54.06 (5000.97)      0.00 (   0.00)    1.41e-05     5.29e-03
 7936  7936      0.00 (   0.00)      54.74 (5000.90)      0.00 (   0.00)    6.07e-06     5.26e-03
 8064  8064      0.00 (   0.00)      53.92 (5000.58)      0.00 (   0.00)    1.43e-05     5.23e-03
 8192  8192      0.00 (   0.00)      54.16 (5001.81)      0.00 (   0.00)    6.02e-06     5.16e-03
 8320  8320      0.00 (   0.00)      53.79 (5001.74)      0.00 (   0.00)    1.45e-05     5.15e-03
 8448  8448      0.00 (   0.00)      53.49 (5000.89)      0.00 (   0.00)    5.92e-06     5.09e-03
 8576  8576      0.00 (   0.00)      53.77 (5001.41)      0.00 (   0.00)    1.03e-06     5.06e-03
 8704  8704      0.00 (   0.00)      53.54 (5000.87)      0.00 (   0.00)    1.42e-05     5.03e-03
 8832  8832      0.00 (   0.00)      53.68 (5002.42)      0.00 (   0.00)    5.25e-06     5.00e-03
 8960  8960      0.00 (   0.00)      52.73 (5000.26)      0.00 (   0.00)    1.47e-06     4.96e-03
 9088  9088      0.00 (   0.00)      54.12 (5000.21)      0.00 (   0.00)    1.38e-05     4.91e-03
 9216  9216      0.00 (   0.00)      49.29 (5001.42)      0.00 (   0.00)    4.76e-06     4.87e-03
 9344  9344      0.00 (   0.00)      54.08 (5001.80)      0.00 (   0.00)    1.92e-06     4.85e-03
 9472  9472      0.00 (   0.00)      54.02 (5002.79)      0.00 (   0.00)    1.33e-05     4.82e-03
 9600  9600      0.00 (   0.00)      53.50 (5003.24)      0.00 (   0.00)    4.31e-06     4.79e-03
 9728  9728      0.00 (   0.00)      54.27 (5001.31)      0.00 (   0.00)    5.26e-04     4.74e-03
 9856  9856      0.00 (   0.00)      52.59 (5002.29)      0.00 (   0.00)    7.03e-04     4.73e-03
 9984  9984      0.00 (   0.00)      53.42 (5000.97)      0.00 (   0.00)    1.22e-05     4.68e-03
10112 10112      0.00 (   0.00)      54.18 (5001.52)      0.00 (   0.00)    3.63e-06     4.66e-03
10240 10240      0.00 (   0.00)      54.16 (5003.20)      0.00 (   0.00)    4.93e-04     4.63e-03
