% MAGMA 2.7.0  32-bit magma_int_t, 64-bit pointer.
% Compiled with CUDA support for 8.0
% CUDA runtime 11070, driver 12000. OpenMP threads 16. 
% device 0: NVIDIA A30 MIG 2g.12gb, 1110.0 MHz clock, 11968.0 MiB memory, capability 8.0
% Sun Mar 26 17:24:45 2023
% Usage: /homelocal/jcamar02/magma-2.7.0/build/testing/testing_dgemv [options] [-h|--help]

% trans = No transpose
%   M     N   MAGMA Gflop/s (ms)  cuBLAS Gflop/s (ms)   CPU Gflop/s (ms)  MAGMA error  cuBLAS error
%==================================================================================================
  128   128      0.00 (   0.00)       3.08 (5000.01)      0.00 (   0.00)         nan     4.05e-02
  256   256      0.00 (   0.00)      11.58 (5000.01)      0.00 (   0.00)         nan     2.85e-02
  384   384      0.00 (   0.00)      13.46 (5000.01)      0.00 (   0.00)         nan     2.37e-02
  512   512      0.00 (   0.00)      22.01 (5000.01)      0.00 (   0.00)         nan     2.04e-02
  640   640      0.00 (   0.00)      32.07 (5000.02)      0.00 (   0.00)         nan     1.86e-02
  768   768      0.00 (   0.00)      35.72 (5000.01)      0.00 (   0.00)    8.46e-03     1.69e-02
  896   896      0.00 (   0.00)      45.47 (5000.03)      0.00 (   0.00)    2.93e-05     1.57e-02
 1024  1024      0.00 (   0.00)      54.34 (5000.01)      0.00 (   0.00)    1.00e-02     1.46e-02
 1152  1152      0.00 (   0.00)      61.29 (5000.04)      0.00 (   0.00)    3.02e-05     1.37e-02
 1280  1280      0.00 (   0.00)      67.28 (5000.03)      0.00 (   0.00)    1.76e-05     1.32e-02
 1408  1408      0.00 (   0.00)      68.79 (5000.03)      0.00 (   0.00)    1.56e-05     1.25e-02
 1536  1536      0.00 (   0.00)      71.34 (5000.04)      0.00 (   0.00)    1.36e-05     1.19e-02
 1664  1664      0.00 (   0.00)      71.61 (5000.03)      0.00 (   0.00)    1.22e-05     1.15e-02
 1792  1792      0.00 (   0.00)      79.50 (5000.01)      0.00 (   0.00)    1.11e-05     1.11e-02
 1920  1920      0.00 (   0.00)      71.71 (5000.00)      0.00 (   0.00)    9.61e-06     1.07e-02
 2048  2048      0.00 (   0.00)      81.99 (5000.04)      0.00 (   0.00)    1.39e-05     1.02e-02
 2176  2176      0.00 (   0.00)      84.66 (5000.06)      0.00 (   0.00)    7.97e-06     9.99e-03
 2304  2304      0.00 (   0.00)      80.10 (5000.04)      0.00 (   0.00)    1.71e-05     9.75e-03
 2432  2432      0.00 (   0.00)      82.19 (5000.06)      0.00 (   0.00)    6.68e-06     9.50e-03
 2560  2560      0.00 (   0.00)      84.92 (5000.11)      0.00 (   0.00)    1.87e-05     9.27e-03
 2688  2688      0.00 (   0.00)      90.39 (5000.09)      0.00 (   0.00)    5.79e-06     9.03e-03
 2816  2816      0.00 (   0.00)      88.36 (5000.15)      0.00 (   0.00)    7.45e-03     8.83e-03
 2944  2944      0.00 (   0.00)      90.96 (5000.06)      0.00 (   0.00)    7.95e-06     8.63e-03
 3072  3072      0.00 (   0.00)      91.62 (5000.07)      0.00 (   0.00)    5.49e-03     8.41e-03
 3200  3200      0.00 (   0.00)      92.39 (5000.05)      0.00 (   0.00)    9.42e-06     8.29e-03
 3328  3328      0.00 (   0.00)      94.90 (5000.23)      0.00 (   0.00)    3.85e-03     8.13e-03
 3456  3456      0.00 (   0.00)      96.44 (5000.08)      0.00 (   0.00)    9.49e-06     7.96e-03
 3584  3584      0.00 (   0.00)      96.96 (5000.15)      0.00 (   0.00)    2.48e-03     7.83e-03
 3712  3712      0.00 (   0.00)      96.80 (5000.05)      0.00 (   0.00)    8.92e-06     7.70e-03
 3840  3840      0.00 (   0.00)      98.94 (5000.27)      0.00 (   0.00)    9.69e-04     7.54e-03
 3968  3968      0.00 (   0.00)      97.77 (5000.08)      0.00 (   0.00)    8.40e-06     7.41e-03
 4096  4096      0.00 (   0.00)      99.46 (5000.32)      0.00 (   0.00)    2.15e-05     7.31e-03
 4224  4224      0.00 (   0.00)      98.66 (5000.27)      0.00 (   0.00)    8.28e-06     7.19e-03
 4352  4352      0.00 (   0.00)      99.70 (5000.31)      0.00 (   0.00)    2.15e-05     7.09e-03
 4480  4480      0.00 (   0.00)     100.56 (5000.13)      0.00 (   0.00)    8.08e-06     7.00e-03
 4608  4608      0.00 (   0.00)     101.89 (5000.16)      0.00 (   0.00)    2.13e-05     6.91e-03
 4736  4736      0.00 (   0.00)     100.56 (5000.05)      0.00 (   0.00)    7.96e-06     6.81e-03
 4864  4864      0.00 (   0.00)     100.75 (5000.44)      0.00 (   0.00)    2.10e-05     6.70e-03
 4992  4992      0.00 (   0.00)     101.99 (5000.05)      0.00 (   0.00)    7.65e-06     6.63e-03
 5120  5120      0.00 (   0.00)     102.89 (5000.21)      0.00 (   0.00)    2.21e-06     6.52e-03
 5248  5248      0.00 (   0.00)     103.44 (5000.47)      0.00 (   0.00)    6.10e-03     6.45e-03
 5376  5376      0.00 (   0.00)     102.58 (5000.16)      0.00 (   0.00)    3.12e-06     6.42e-03
 5504  5504      0.00 (   0.00)     101.31 (5000.45)      0.00 (   0.00)    5.74e-03     6.32e-03
 5632  5632      0.00 (   0.00)     100.30 (5000.53)      0.00 (   0.00)    4.37e-06     6.24e-03
 5760  5760      0.00 (   0.00)     104.08 (5000.57)      0.00 (   0.00)    4.81e-03     6.19e-03
 5888  5888      0.00 (   0.00)     103.26 (5000.16)      0.00 (   0.00)    5.05e-06     6.11e-03
 6016  6016      0.00 (   0.00)     103.05 (5000.66)      0.00 (   0.00)    3.93e-03     6.05e-03
 6144  6144      0.00 (   0.00)      95.97 (5000.01)      0.00 (   0.00)    5.34e-06     5.98e-03
 6272  6272      0.00 (   0.00)     103.58 (5000.16)      0.00 (   0.00)    3.15e-03     5.90e-03
 6400  6400      0.00 (   0.00)     104.19 (5000.70)      0.00 (   0.00)    5.38e-06     5.85e-03
 6528  6528      0.00 (   0.00)     104.53 (5000.72)      0.00 (   0.00)    2.37e-03     5.80e-03
 6656  6656      0.00 (   0.00)     103.09 (5000.26)      0.00 (   0.00)    5.24e-06     5.73e-03
 6784  6784      0.00 (   0.00)     104.74 (5000.06)      0.00 (   0.00)    1.55e-03     5.70e-03
 6912  6912      0.00 (   0.00)     105.24 (5000.02)      0.00 (   0.00)    5.15e-06     5.66e-03
 7040  7040      0.00 (   0.00)     104.45 (5000.10)      0.00 (   0.00)    9.11e-05     5.56e-03
 7168  7168      0.00 (   0.00)     103.80 (5000.06)      0.00 (   0.00)    5.06e-06     5.54e-03
 7296  7296      0.00 (   0.00)     104.62 (5000.24)      0.00 (   0.00)    1.30e-05     5.49e-03
 7424  7424      0.00 (   0.00)     105.70 (5000.27)      0.00 (   0.00)    5.01e-06     5.43e-03
 7552  7552      0.00 (   0.00)     105.76 (5000.85)      0.00 (   0.00)    1.31e-05     5.40e-03
 7680  7680      0.00 (   0.00)     105.86 (5000.50)      0.00 (   0.00)    4.88e-06     5.34e-03
 7808  7808      0.00 (   0.00)     104.23 (5000.43)      0.00 (   0.00)    1.32e-05     5.29e-03
 7936  7936      0.00 (   0.00)     105.88 (5000.96)      0.00 (   0.00)    4.86e-06     5.26e-03
 8064  8064      0.00 (   0.00)     105.67 (5000.14)      0.00 (   0.00)    1.29e-05     5.23e-03
 8192  8192      0.00 (   0.00)     106.51 (5000.82)      0.00 (   0.00)    4.82e-06     5.16e-03
 8320  8320      0.00 (   0.00)     106.12 (5001.04)      0.00 (   0.00)    1.27e-05     5.15e-03
 8448  8448      0.00 (   0.00)     105.07 (5001.34)      0.00 (   0.00)    4.70e-06     5.09e-03
 8576  8576      0.00 (   0.00)     105.77 (5000.24)      0.00 (   0.00)    1.27e-05     5.06e-03
 8704  8704      0.00 (   0.00)     106.58 (5000.28)      0.00 (   0.00)    4.60e-06     5.03e-03
 8832  8832      0.00 (   0.00)     106.58 (5000.95)      0.00 (   0.00)    1.24e-05     5.00e-03
 8960  8960      0.00 (   0.00)     106.03 (5000.73)      0.00 (   0.00)    4.48e-06     4.96e-03
 9088  9088      0.00 (   0.00)     106.45 (5000.05)      0.00 (   0.00)    1.23e-05     4.91e-03
 9216  9216      0.00 (   0.00)     104.65 (5000.21)      0.00 (   0.00)    4.49e-06     4.87e-03
 9344  9344      0.00 (   0.00)     106.48 (5000.50)      0.00 (   0.00)    1.21e-05     4.85e-03
 9472  9472      0.00 (   0.00)     106.48 (5000.27)      0.00 (   0.00)    4.43e-06     4.82e-03
 9600  9600      0.00 (   0.00)     106.52 (5001.23)      0.00 (   0.00)    1.19e-05     4.79e-03
 9728  9728      0.00 (   0.00)     107.13 (5000.30)      0.00 (   0.00)    4.40e-06     4.74e-03
 9856  9856      0.00 (   0.00)     106.77 (5000.99)      0.00 (   0.00)    1.17e-05     4.73e-03
 9984  9984      0.00 (   0.00)     107.31 (5001.62)      0.00 (   0.00)    4.33e-06     4.68e-03
10112 10112      0.00 (   0.00)     106.68 (5001.79)      0.00 (   0.00)    1.17e-05     4.66e-03
10240 10240      0.00 (   0.00)     107.20 (5000.87)      0.00 (   0.00)    4.23e-06     4.63e-03
