% MAGMA 2.7.0  32-bit magma_int_t, 64-bit pointer.
% Compiled with CUDA support for 8.0
% CUDA runtime 11070, driver 12000. OpenMP threads 16. 
% device 0: NVIDIA A30 MIG 1g.6gb, 1440.0 MHz clock, 5952.0 MiB memory, capability 8.0
% Sun Mar 19 18:56:38 2023
% Usage: /homelocal/jcamar02/magma-2.7.0/build/testing/testing_dgemv [options] [-h|--help]

% trans = No transpose
%   M     N   MAGMA Gflop/s (ms)  cuBLAS Gflop/s (ms)   CPU Gflop/s (ms)  MAGMA error  cuBLAS error
%==================================================================================================
  128   128      0.00 (   0.00)       3.36 (5000.00)      0.00 (   0.00)         nan     4.05e-02
  256   256      0.00 (   0.00)       6.59 (5009.23)      0.00 (   0.00)    2.17e-04     2.85e-02
  384   384      0.00 (   0.00)      11.46 (5000.03)      0.00 (   0.00)    1.13e-04     2.37e-02
  512   512      0.00 (   0.00)      18.67 (5000.01)      0.00 (   0.00)    6.96e-05     2.04e-02
  640   640      0.00 (   0.00)      25.82 (5000.02)      0.00 (   0.00)    4.86e-05     1.86e-02
  768   768      0.00 (   0.00)      35.03 (5000.03)      0.00 (   0.00)    3.92e-05     1.69e-02
  896   896      0.00 (   0.00)      37.50 (5000.04)      0.00 (   0.00)    1.20e-02     1.57e-02
 1024  1024      0.00 (   0.00)      32.50 (5000.05)      0.00 (   0.00)    3.77e-05     1.46e-02
 1152  1152      0.00 (   0.00)      35.15 (5000.06)      0.00 (   0.00)    1.59e-03     1.37e-02
 1280  1280      0.00 (   0.00)      43.50 (5000.05)      0.00 (   0.00)    1.72e-05     1.32e-02
 1408  1408      0.00 (   0.00)      40.42 (5000.05)      0.00 (   0.00)    3.34e-05     1.25e-02
 1536  1536      0.00 (   0.00)      40.29 (5000.11)      0.00 (   0.00)    1.46e-05     1.19e-02
 1664  1664      0.00 (   0.00)      42.04 (5000.11)      0.00 (   0.00)    2.77e-05     1.15e-02
 1792  1792      0.00 (   0.00)      43.00 (5000.13)      0.00 (   0.00)    1.42e-05     1.11e-02
 1920  1920      0.00 (   0.00)      44.15 (5000.05)      0.00 (   0.00)    3.60e-03     1.07e-02
 2048  2048      0.00 (   0.00)      46.85 (5000.09)      0.00 (   0.00)    1.08e-05     1.02e-02
 2176  2176      0.00 (   0.00)      44.72 (5000.10)      0.00 (   0.00)    5.05e-03     9.99e-03
 2304  2304      0.00 (   0.00)      45.83 (5000.04)      0.00 (   0.00)    1.04e-05     9.75e-03
 2432  2432      0.00 (   0.00)      46.40 (5000.06)      0.00 (   0.00)    7.06e-03     9.50e-03
 2560  2560      0.00 (   0.00)      46.96 (5000.05)      0.00 (   0.00)    8.79e-03     9.27e-03
 2688  2688      0.00 (   0.00)      47.64 (5000.21)      0.00 (   0.00)    8.57e-03     9.03e-03
 2816  2816      0.00 (   0.00)      46.00 (5000.24)      0.00 (   0.00)         nan     8.83e-03
 2944  2944      0.00 (   0.00)      46.75 (5000.13)      0.00 (   0.00)    7.12e-03     8.63e-03
 3072  3072      0.00 (   0.00)      46.73 (5000.03)      0.00 (   0.00)         nan     8.41e-03
 3200  3200      0.00 (   0.00)      48.46 (5000.29)      0.00 (   0.00)    4.81e-03     8.29e-03
 3328  3328      0.00 (   0.00)      50.97 (5000.33)      0.00 (   0.00)         nan     8.13e-03
 3456  3456      0.00 (   0.00)      50.82 (5000.43)      0.00 (   0.00)         nan     7.96e-03
 3584  3584      0.00 (   0.00)      50.41 (5000.48)      0.00 (   0.00)         nan     7.83e-03
 3712  3712      0.00 (   0.00)      51.95 (5000.21)      0.00 (   0.00)         nan     7.70e-03
 3840  3840      0.00 (   0.00)      51.91 (5000.04)      0.00 (   0.00)         nan     7.54e-03
 3968  3968      0.00 (   0.00)      51.64 (5000.56)      0.00 (   0.00)         nan     7.41e-03
 4096  4096      0.00 (   0.00)      52.44 (5000.15)      0.00 (   0.00)         nan     7.31e-03
 4224  4224      0.00 (   0.00)      52.32 (5000.28)      0.00 (   0.00)         nan     7.19e-03
 4352  4352      0.00 (   0.00)      50.62 (5000.02)      0.00 (   0.00)         nan     7.09e-03
 4480  4480      0.00 (   0.00)      51.37 (5000.15)      0.00 (   0.00)         nan     7.00e-03
 4608  4608      0.00 (   0.00)      50.05 (5000.36)      0.00 (   0.00)         nan     6.91e-03
 4736  4736      0.00 (   0.00)      52.50 (5000.60)      0.00 (   0.00)         nan     6.81e-03
 4864  4864      0.00 (   0.00)      52.27 (5000.52)      0.00 (   0.00)         nan     6.70e-03
 4992  4992      0.00 (   0.00)      51.60 (5000.49)      0.00 (   0.00)         nan     6.63e-03
 5120  5120      0.00 (   0.00)      52.66 (5000.73)      0.00 (   0.00)         nan     6.52e-03
 5248  5248      0.00 (   0.00)      52.77 (5000.65)      0.00 (   0.00)         nan     6.45e-03
 5376  5376      0.00 (   0.00)      51.88 (5000.23)      0.00 (   0.00)         nan     6.42e-03
 5504  5504      0.00 (   0.00)      52.96 (5000.34)      0.00 (   0.00)         nan     6.32e-03
 5632  5632      0.00 (   0.00)      53.59 (5000.32)      0.00 (   0.00)         nan     6.24e-03
 5760  5760      0.00 (   0.00)      54.05 (5000.69)      0.00 (   0.00)         nan     6.19e-03
 5888  5888      0.00 (   0.00)      53.40 (5000.97)      0.00 (   0.00)         nan     6.11e-03
 6016  6016      0.00 (   0.00)      52.89 (5000.06)      0.00 (   0.00)         nan     6.05e-03
 6144  6144      0.00 (   0.00)      41.54 (5000.93)      0.00 (   0.00)         nan     5.98e-03
 6272  6272      0.00 (   0.00)      53.39 (5000.46)      0.00 (   0.00)         nan     5.90e-03
 6400  6400      0.00 (   0.00)      53.48 (5000.91)      0.00 (   0.00)         nan     5.85e-03
 6528  6528      0.00 (   0.00)      54.15 (5001.07)      0.00 (   0.00)         nan     5.80e-03
 6656  6656      0.00 (   0.00)      54.85 (5000.50)      0.00 (   0.00)         nan     5.73e-03
 6784  6784      0.00 (   0.00)      53.36 (5001.43)      0.00 (   0.00)         nan     5.70e-03
 6912  6912      0.00 (   0.00)      53.67 (5001.27)      0.00 (   0.00)         nan     5.66e-03
 7040  7040      0.00 (   0.00)      53.72 (5001.54)      0.00 (   0.00)         nan     5.56e-03
 7168  7168      0.00 (   0.00)      52.94 (5000.79)      0.00 (   0.00)         nan     5.54e-03
 7296  7296      0.00 (   0.00)      53.55 (5000.49)      0.00 (   0.00)         nan     5.49e-03
 7424  7424      0.00 (   0.00)      53.91 (5000.31)      0.00 (   0.00)         nan     5.43e-03
 7552  7552      0.00 (   0.00)      17.32 (5006.58)      0.00 (   0.00)         nan     5.40e-03
 7680  7680      0.00 (   0.00)      51.35 (5002.24)      0.00 (   0.00)         nan     5.34e-03
 7808  7808      0.00 (   0.00)      54.49 (5002.07)      0.00 (   0.00)         nan     5.29e-03
 7936  7936      0.00 (   0.00)      54.89 (5001.24)      0.00 (   0.00)         nan     5.26e-03
 8064  8064      0.00 (   0.00)      53.98 (5002.10)      0.00 (   0.00)         nan     5.23e-03
 8192  8192      0.00 (   0.00)      54.41 (5000.82)      0.00 (   0.00)         nan     5.16e-03
 8320  8320      0.00 (   0.00)      54.07 (5001.40)      0.00 (   0.00)         nan     5.15e-03
 8448  8448      0.00 (   0.00)      53.95 (5000.61)      0.00 (   0.00)         nan     5.09e-03
 8576  8576      0.00 (   0.00)      54.04 (5001.05)      0.00 (   0.00)         nan     5.06e-03
 8704  8704      0.00 (   0.00)      54.29 (5001.60)      0.00 (   0.00)         nan     5.03e-03
 8832  8832      0.00 (   0.00)      54.16 (5001.42)      0.00 (   0.00)         nan     5.00e-03
 8960  8960      0.00 (   0.00)      53.56 (5001.27)      0.00 (   0.00)         nan     4.96e-03
 9088  9088      0.00 (   0.00)      54.41 (5000.79)      0.00 (   0.00)    5.63e-04     4.91e-03
 9216  9216      0.00 (   0.00)      49.51 (5002.77)      0.00 (   0.00)         nan     4.87e-03
 9344  9344      0.00 (   0.00)      54.39 (5002.79)      0.00 (   0.00)         nan     4.85e-03
 9472  9472      0.00 (   0.00)      54.35 (5002.53)      0.00 (   0.00)    5.39e-04     4.82e-03
 9600  9600      0.00 (   0.00)      53.78 (5000.90)      0.00 (   0.00)         nan     4.79e-03
 9728  9728      0.00 (   0.00)      54.60 (5002.88)      0.00 (   0.00)         nan     4.74e-03
 9856  9856      0.00 (   0.00)      52.94 (5002.89)      0.00 (   0.00)    5.13e-04     4.73e-03
 9984  9984      0.00 (   0.00)      53.77 (5002.26)      0.00 (   0.00)         nan     4.68e-03
10112 10112      0.00 (   0.00)      54.49 (5002.93)      0.00 (   0.00)         nan     4.66e-03
10240 10240      0.00 (   0.00)      54.41 (5000.01)      0.00 (   0.00)    4.93e-04     4.63e-03
